0:0
3:1 2 4 8 16 32 64 128
2:1 2 4 8 16 32 64 128
1:1 2 4 8 16 32 64 128
4:1 2 4 8 16 32 64 128
5:1 2 4 8 16 32 64 128
6:1 2 4 8 16 32 64 128
7:1 2 4 8 16 32 64 128
9:1 2 4 8 16 32 64 128
8:1 2 4 8 16 32 64 128
10:1 2 4 8 16 32 64 128
14:1 2 4 8 16 32 64 128
13:1 2 4 8 16 32 64 128
11:1 2 4 8 16 32 64 128
15:1 2 4 8 16 32 64 128
12:1 2 4 8 16 32 64 128
16:1 2 4 8 16 32 64 128
18:1 2 4 8 16 32 64 128
17:1 2 4 8 16 32 64 128
19:1 2 4 8 16 32 64 128
20:1 2 4 8 16 32 64 128
21:1 2 4 8 16 32 64 128
26:1 2 4 8 16 32 64 128
22:1 2 4 8 16 32 64 128
23:1 2 4 8 16 32 64 128
24:1 2 4 8 16 32 64 128
28:1 2 4 8 16 32 64 128
25:1 2 4 8 16 32 64 128
29:1 2 4 8 16 32 64 128
27:1 2 4 8 16 32 64 128
30:1 2 4 8 16 32 64 128
31:1 2 4 8 16 32 64 128
33:1 2 4 8 16 32 64 128
32:1 2 4 8 16 32 64 128
35:1 2 4 8 16 32 64 128
37:1 2 4 8 16 32 64 128
34:1 2 4 8 16 32 64 128
38:1 2 4 8 16 32 64 128
39:1 2 4 8 16 32 64 128
36:1 2 4 8 16 32 64 128
41:1 2 4 8 16 32 64 128
40:1 2 4 8 16 32 64 128
44:1 2 4 8 16 32 64 128
43:1 2 4 8 16 32 64 128
42:1 2 4 8 16 32 64 128
45:1 2 4 8 16 32 64 128
46:1 2 4 8 16 32 64 128
47:1 2 4 8 16 32 64 128
48:1 2 4 8 16 32 64 128
49:1 2 4 8 16 32 64 128
50:1 2 4 8 16 32 64 128
51:1 2 4 8 16 32 64 128
52:1 2 4 8 16 32 64 128
55:1 2 4 8 16 32 64 128
53:1 2 4 8 16 32 64 128
54:1 2 4 8 16 32 64 128
56:1 2 4 8 16 32 64 128
58:1 2 4 8 16 32 64 128
57:1 2 4 8 16 32 64 128
60:1 2 4 8 16 32 64 128
59:1 2 4 8 16 32 64 128
61:1 2 4 8 16 32 64 128
62:1 2 4 8 16 32 64 128
63:1 2 4 8 16 32 64 128
65:1 2 4 8 16 32 64 128
67:1 2 4 8 16 32 64 128
66:1 2 4 8 16 32 64 128
68:1 2 4 8 16 32 64 128
64:1 2 4 8 16 32 64 128
69:1 2 4 8 16 32 64 128
71:1 2 4 8 16 32 64 128
70:1 2 4 8 16 32 64 128
72:1 2 4 8 16 32 64 128
76:1 2 4 8 16 32 64 128
73:1 2 4 8 16 32 64 128
75:1 2 4 8 16 32 64 128
74:1 2 4 8 16 32 64 128
77:1 2 4 8 16 32 64 128
78:1 2 4 8 16 32 64 128
79:1 2 4 8 16 32 64 128
81:1 2 4 8 16 32 64 128
80:1 2 4 8 16 32 64 128
82:1 2 4 8 16 32 64 128
83:1 2 4 8 16 32 64 128
85:1 2 4 8 16 32 64 128
86:1 2 4 8 16 32 64 128
84:1 2 4 8 16 32 64 128
88:1 2 4 8 16 32 64 128
89:1 2 4 8 16 32 64 128
90:1 2 4 8 16 32 64 128
87:1 2 4 8 16 64 128
94:1 2 4 8 16 32 64 128
92:1 2 4 8 16 32 64 128
91:1 2 4 8 16 32 64 128
93:1 2 4 8 16 32 64 128
95:1 2 4 8 64 128
96:1 2 4 8 16 32 64 128
98:1 2 4 8 16 32 64 128
100:1 2 4 8 16 32 64 128
99:1 2 4 8 16 32 64 128
97:1 2 4 8 16 32 64 128
101:1 2 4 8 16 32 64 128
102:1 2 4 8 16 32 64 128
104:1 2 4 8 16 32 64 128
103:1 2 4 8 16 64 128
105:1 2 4 8 16 32 64 128
109:1 2 4 8 16 32 64 128
111:2 4 8 16 33 64 128
108:1 2 4 8 16 32 64 128
110:1 2 4 8 16 32 64 128
107:1 2 4 8 16 32 64 128
106:1 2 4 8 16 32 64 128
113:1 2 4 8 16 32 64 128
114:1 2 4 8 16 32 64 128
112:1 2 4 8 16 32 64 128
115:1 2 4 8 16 32 64 128
116:1 2 4 8 16 32 64 128
117:1 2 4 8 16 32 64 128
123:2 4 8 16 32 64 128
122:1 2 4 8 16 32 64 128
119:1 2 4 8 16 64 128
121:1 2 4 8 16 32 64 128
118:1 2 4 8 16 32 64 128
120:1 2 4 8 16 32 64 128
127:2 4 8 17 64 128
126:1 2 4 8 16 64 128
125:2 4 8 17 32 64 128
124:1 2 4 8 16 32 64 128
128:1 2 4 8 16 32 64 128
129:1 2 4 8 16 32 64 128
130:1 2 4 8 16 32 64 128
131:1 2 4 8 16 32 64 128
132:1 2 4 8 16 32 64 128
134:1 2 4 8 16 32 64 128
135:1 2 4 8 16 32 64 128
136:1 2 4 8 16 32 64 128
133:1 2 4 8 16 32 64 128
137:1 2 4 8 16 32 64 128
138:1 2 4 8 16 32 64 128
139:1 2 4 8 16 32 64 128
140:1 2 4 8 16 32 64 128
142:1 2 4 8 16 32 64 128
141:1 2 4 8 16 32 64 128
143:1 2 4 8 16 32 64 128
144:1 2 4 8 16 32 64 128
146:1 2 4 8 16 32 64 128
147:1 2 4 8 16 32 64 128
145:1 2 4 8 16 32 64 128
148:1 2 4 8 16 32 64 128
150:1 2 4 8 16 32 64 128
151:1 2 4 8 16 32 64 128
154:1 2 4 8 16 32 64 128
149:1 2 4 8 16 32 64 128
153:1 2 4 8 16 32 64 128
156:1 2 4 8 16 32 64 128
155:1 2 4 8 16 32 64 128
157:1 2 4 8 16 32 64 128
152:1 2 4 8 16 32 64 128
159:1 2 4 8 16 32 64
162:1 2 4 8 16 32 64 128
160:1 2 4 8 16 32 64 128
161:1 2 4 8 16 32 64 128
163:1 2 4 8 16 32 64 128
158:1 2 4 8 16 32 64 128
166:1 2 4 8 16 32 64 128
164:1 2 4 8 16 32 64 128
165:1 2 4 8 16 32 64 128
167:1 2 4 8 16 32 64 128
169:1 2 4 8 16 32 64 128
168:1 2 4 8 16 32 64 128
170:1 2 4 8 16 32 64 128
171:1 2 4 8 16 32 64 128
172:1 2 4 8 16 32 64 128
174:1 2 4 8 16 32 64 128
175:1 2 4 16 32 64 128
173:1 2 4 8 16 32 64 128
176:1 2 4 8 16 32 64 128
177:1 2 4 8 16 32 64 128
178:1 2 4 8 16 32 64 128
180:1 2 4 8 16 32 64 128
183:1 2 4 16 32 64 136
182:1 2 4 8 16 32 64 128
181:1 2 4 16 32 64 128
184:1 2 4 8 16 32 64 128
185:1 2 4 8 16 32 64 128
179:1 2 4 8 16 32 64 128
187:1 2 4 16 32 64 128
186:1 2 4 8 16 32 64 128
189:1 2 4 16 32 64 128
188:1 2 4 8 16 32 64 128
190:1 2 4 8 16 32 64 128
191:2 4 16 32 64 137
192:1 2 4 8 16 32 64 128
195:1 2 4 8 16 32 64 128
193:1 2 4 8 16 32 64 128
196:1 2 4 8 16 32 64 128
194:1 2 4 8 16 32 64 128
199:1 2 4 8 16 32 64 128
201:1 2 4 8 16 32 64 128
197:1 2 4 8 16 32 64 128
198:1 2 4 8 16 32 64 128
202:1 2 4 8 16 32 64 128
204:1 2 4 8 16 32 64 128
203:1 2 4 8 16 32 64 128
200:1 2 4 8 16 32 64 128
205:1 2 4 8 16 32 64 128
207:1 2 8 16 32 64 128
209:1 2 4 8 16 32 64 128
206:1 2 4 8 16 32 64 128
208:1 2 4 8 16 32 64 128
211:1 2 4 8 16 32 64 128
210:1 2 4 8 16 32 64 128
213:1 2 4 8 16 32 64 128
212:1 2 4 8 16 32 64 128
214:1 2 4 8 16 32 64 128
217:1 2 4 8 16 32 64 128
215:1 2 4 8 16 64 128
216:1 2 4 8 16 32 64 128
219:1 2 4 8 16 32 64 128
220:1 2 4 8 16 32 64 128
223:1 6 8 36 50 64 144 160
225:1 2 4 8 16 32 64 128
218:1 2 4 8 16 32 64 128
222:1 2 4 8 16 32 64 128
224:1 2 4 8 16 32 64 128
221:1 2 4 8 16 32 64 128
226:1 2 4 8 16 32 64 128
227:1 2 4 8 16 32 64 128
228:1 2 4 8 16 32 64 128
229:1 2 4 8 16 32 64 128
234:1 2 4 8 16 32 64 128
230:1 2 4 8 16 32 64 128
231:1 2 4 16 40 64 128
232:1 2 4 8 16 32 64 128
233:1 2 4 8 16 32 64 128
237:1 2 4 8 16 32 64 128
239:2 16 36 64 128
235:1 2 16 32 64 128
238:1 2 4 8 16 32 64 128
240:1 2 4 8 16 32 64 128
241:1 2 4 8 16 32 64 128
242:1 2 4 8 16 32 64 128
236:1 2 4 8 16 32 64 128
243:1 2 4 16 32 64 128
246:1 2 4 8 16 64 128
245:1 2 4 16 32 64 128
251:2 5 17 20 32 64 129 132 136 144
255:255
244:1 2 4 8 16 32 64 128
248:1 2 4 8 16 32 64 128
253:2 4 9 24 32 64 128
247:1 2 4 16 40 64 136
249:1 2 4 8 32 64 128
250:1 2 4 8 16 32 64 128
252:1 2 4 8 16 32 64 128
254:1 2 4 8 16 64 128
