173:7 11 13 14 19 21 22 25 26 28 35 37 38 41 42 49 50 52 56 67 69 70 73 74 76 81 82 84 88 97 98 100 104 112 131 133 134 137 138 140 145 146 148 152 161 162 164 176 193 194 196 200 208 224 259 261 262 265 266 268 273 274 276 289 290 292 296 304 321 322 328 336 352 385 386 388 392 400 416 448
315:15 19 26 29 35 37 38 49 50 60 71 75 76 81 86 98 100 105 120 131 134 140 148 153 161 164 168 176 193 194 200 224 259 262 265 268 273 280 289 298 308 321 322 328 336 385 394 402 416 448
385:3 6 10 13 17 18 20 24 33 34 36 40 48 65 66 68 72 80 96 129 130 132 136 144 160 192 257 258 260 264 272 288 320 384
84:3 5 6 9 10 12 17 18 20 24 33 34 36 40 48 65 66 68 72 80 96 129 130 132 136 144 160 257 258 260 264 272 288 448
162:3 5 6 9 10 17 20 24 33 34 36 40 48 65 66 68 72 80 96 129 132 136 146 160 192 257 260 264 274 288 320 386 400
264:1 2 12 20 24 36 40 48 68 72 80 96 132 136 144 160 192 256
406:7 11 13 14 21 22 25 26 28 35 37 38 41 42 44 49 50 52 56 67 69 70 73 74 76 81 82 84 88 97 98 100 104 112 131 133 134 138 140 145 146 148 152 161 162 164 168 176 193 194 196 200 208 224 259 261 265 266 268 273 274 276 280 289 290 292 296 304 321 322 324 328 336 352 385 386 388 392 400 448
41:3 5 9 10 12 17 18 20 24 33 34 36 40 48 65 70 72 80 96 129 134 136 144 160 194 196 257 258 260 264 272 288 320 384
183:7 27 29 30 41 46 49 54 58 60 67 74 76 81 86 97 100 104 112 139 141 142 147 149 150 152 161 166 170 172 178 180 193 194 196 224 259 261 265 266 268 278 294 296 306 308 321 322 324 328 385 390 400 418 420
285:7 11 13 14 19 21 22 25 26 28 35 37 38 41 42 44 49 50 52 56 67 69 70 73 74 76 81 84 88 97 98 100 104 112 131 133 134 137 138 140 145 146 148 152 161 162 164 168 176 193 194 196 200 208 224 259 261 262 265 266 268 273 274 276 280 289 290 292 296 304 321 322 324 328 336 352 385 386 388 392 400 416 448
62:7 11 13 14 19 21 22 25 26 28 35 37 38 41 42 44 49 50 52 56 67 69 70 73 74 76 81 82 84 88 97 98 100 104 112 131 133 134 137 138 140 145 146 148 152 161 162 164 168 176 193 194 196 200 208 224 259 261 265 266 268 273 274 276 280 289 290 292 296 304 322 324 328 336 352 385 386 388 392 400 416 448
132:1 6 10 12 18 20 24 34 36 40 48 64 130 132 136 144 160 258 260 264 272 288 384
274:3 5 9 10 12 17 22 24 33 34 36 40 48 65 66 68 72 80 129 130 132 136 144 160 192 257 262 264 274 276 288 320 384
51:5 6 9 19 26 28 33 42 44 48 65 66 72 80 100 129 130 132 152 168 192 258 260 264 273 288 400
153:7 11 13 14 19 21 22 25 26 28 33 36 42 50 56 67 69 70 73 74 76 81 82 84 88 98 104 112 129 130 140 144 160 196 200 258 260 265 273 280 288 321 328 336 392 448
487:15 23 27 29 30 39 45 46 53 54 57 58 60 71 75 77 78 83 85 86 89 90 92 99 101 102 106 108 113 114 116 120 135 139 142 147 149 150 153 154 163 165 166 169 170 172 177 178 180 195 197 202 204 209 210 212 216 225 232 240 263 267 269 270 275 277 281 282 284 291 294 297 300 306 308 312 323 325 326 329 330 332 337 338 344 353 354 360 387 389 390 393 394 396 401 402 404 408 417 418 420 432 449 450 452 456 464 480
0:0
366:7 13 27 30 43 46 50 53 57 60 74 81 86 92 97 98 108 116 120 131 133 137 142 145 148 152 162 172 194 204 208 228 232 259 261 262 276 280 289 290 300 321 328 336 352 385 386 388 392 400
500:13 14 21 27 35 37 44 49 52 56 67 70 76 81 82 97 98 100 131 134 152 169 170 178 193 202 208 232 259 261 265 273 276 282 289 294 296 306 321 322 324 328 368 385 394 396 400 418 420 448
21:3 5 6 9 10 12 17 18 20 24 33 34 36 40 65 66 68 72 112 129 130 132 136 144 160 192 257 258 260 264 304 336 352 384
355:7 11 13 14 19 21 22 25 26 28 35 37 38 41 42 44 49 50 52 56 67 69 70 73 76 81 82 84 88 97 98 100 104 112 131 133 134 137 138 140 145 146 148 152 161 162 164 168 176 193 194 200 208 224 259 261 262 265 268 273 274 276 280 289 290 292 296 304 321 322 324 328 336 352 385 386 388 392 400 416 448
457:7 11 13 14 19 21 22 25 26 28 35 37 38 41 42 44 49 50 52 56 67 69 70 73 74 76 81 82 84 88 97 98 100 104 112 131 133 134 137 138 145 146 148 152 161 162 164 168 176 193 194 196 200 208 224 259 261 262 265 266 268 273 276 280 289 290 292 296 304 321 322 324 328 336 352 385 386 388 392 400 416 448
234:7 11 13 14 19 21 22 25 26 28 37 38 41 42 44 49 50 52 56 67 69 70 73 74 76 81 82 84 88 97 98 100 104 112 131 133 134 137 138 140 145 146 148 152 161 162 164 176 193 194 196 200 208 224 259 261 262 265 268 273 274 276 280 289 290 292 296 304 321 322 328 336 352 385 386 388 392 400 416
368:5 9 12 17 18 24 34 52 66 80 97 100 104 131 134 138 148 161 164 168 176 193 196 200 224 257 258 260 296 304 328 352 392 400 416 448
478:23 27 29 30 39 43 45 46 51 53 54 57 58 60 71 75 77 78 83 85 89 90 92 99 105 106 108 113 120 139 141 142 147 149 150 153 156 165 166 170 172 177 178 180 184 195 197 198 201 202 204 209 210 216 225 226 228 232 240 269 270 277 278 281 284 291 293 294 297 298 300 306 308 312 323 325 326 330 332 337 338 340 344 354 356 360 368 387 389 390 393 394 396 404 408 417 418 424 432 450 452 456 464 480
255:15 23 29 30 39 46 71 77 78 85 90 107 120 139 141 142 156 163 165 169 170 172 177 178 201 212 225 230 240 269 281 282 291 293 294 300 305 306 308 312 323 325 326 332 344 354 356 361 368 390 393 394 402 417 418 424 449 450 452 464
325:3 10 12 20 25 33 34 48 65 70 80 100 104 133 134 137 145 146 152 164 168 194 196 200 224 257 262 272 292 296 322 324 328 352 386 388 392 416 448
467:7 11 14 22 26 28 38 44 49 52 56 70 76 81 98 101 105 131 133 137 152 170 176 193 194 200 212 228 261 265 268 273 276 291 292 298 304 321 330 336 352 385 390 392 400 418 452
102:3 9 10 12 17 22 37 38 50 52 56 65 70 82 84 88 96 132 136 144 161 162 192 257 260 272 288 322 328 386
204:3 5 6 10 17 18 20 24 33 44 73 76 98 100 104 112 129 130 136 160 192 257 268 290 292 296 304 320 388 400
346:7 11 13 14 21 22 25 26 28 35 37 38 41 42 44 49 50 52 56 67 69 70 73 74 76 81 82 84 97 98 100 104 112 131 133 134 137 138 140 145 146 148 152 161 162 164 168 193 194 196 200 208 224 259 261 262 265 266 268 273 274 276 280 289 290 292 296 304 321 322 324 328 336 352 385 386 388 400 416 448
416:3 6 10 13 17 18 20 24 33 34 36 40 48 65 66 68 72 80 96 130 133 137 140 144 160 192 258 261 265 268 272 288 320 385 388 392
123:7 11 21 25 28 44 51 54 58 70 77 81 84 90 97 104 114 131 134 137 140 148 154 162 165 176 193 194 200 224 261 265 266 268 275 278 280 291 294 305 306 308 321 324 328 338 354 368 385 386 388 392 416 448
193:3 5 6 9 10 12 17 18 20 24 33 34 36 40 48 66 68 72 80 96 129 130 132 136 144 160 192 257 258 260 264 272 288 320
303:11 13 21 22 26 28 35 41 46 56 67 69 74 81 82 98 100 131 134 138 153 161 162 172 176 201 204 212 216 224 259 261 266 268 274 276 280 292 296 304 324 328 336 353 393 401 416 448
437:11 21 22 26 39 41 42 44 49 56 71 76 82 84 89 98 101 104 131 134 137 140 145 146 148 165 168 176 193 200 208 228 259 261 262 268 273 274 276 289 292 321 322 336 385 386 408 452 480
72:3 5 6 9 10 12 17 18 20 24 33 34 36 40 48 65 66 68 72 80 96 128 256
214:7 11 13 14 19 21 22 25 26 28 35 37 38 41 42 44 49 50 52 56 67 69 70 73 74 76 81 82 84 88 97 98 100 104 112 131 133 137 138 140 145 146 148 152 161 162 164 168 176 193 194 196 200 208 224 261 262 265 266 268 273 274 280 289 290 292 296 304 321 322 328 336 352 385 386 388 392 400 416
316:7 11 13 14 19 21 22 25 26 28 35 37 38 41 42 44 49 50 52 56 67 69 70 73 74 76 81 82 84 88 97 98 100 104 112 131 133 134 137 138 140 145 146 148 152 161 162 164 168 176 193 194 196 200 208 224 259 261 262 265 266 268 273 274 276 280 289 290 292 296 304 321 322 324 328 336 352 385 386 388 392 416 448
394:5 6 9 10 18 20 34 36 49 56 66 68 81 88 97 104 112 129 132 152 160 200 208 259 260 264 273 289 304 321 336 352 386 400 448
93:7 11 13 14 19 21 22 25 26 28 35 37 38 41 42 44 49 50 52 56 67 69 70 74 76 81 82 84 88 97 98 100 104 112 131 133 134 137 138 140 145 146 148 152 161 162 164 168 176 193 194 196 200 208 224 259 261 262 265 266 268 273 274 276 280 289 290 292 296 304 321 322 324 328 385 386 388 392 400 416 448
171:7 11 13 14 19 21 22 25 26 28 35 37 41 42 44 49 50 52 56 67 69 70 73 76 81 82 84 88 97 98 100 104 112 131 133 134 137 138 140 145 146 148 152 161 162 164 168 176 193 194 196 200 208 224 261 262 265 266 268 273 274 276 280 289 290 292 296 304 321 322 324 328 336 352 385 386 388 392 400 416 448
305:3 9 10 17 22 24 34 36 40 65 68 72 80 96 130 133 140 148 161 176 257 258 260 304 392 400 416 448
415:15 23 27 30 39 43 45 46 53 54 57 58 60 75 77 78 83 85 86 89 90 92 99 101 105 106 108 113 116 120 139 141 147 149 150 153 156 165 166 169 170 172 177 178 184 195 197 198 201 202 204 209 210 216 225 226 228 232 240 267 269 275 277 278 281 282 284 291 293 294 298 300 305 306 308 312 323 325 326 330 332 337 338 340 344 353 356 360 368 387 389 390 393 401 404 408 418 420 424 432 449 450 456 464 480
82:3 5 9 14 17 18 20 24 33 34 36 40 48 65 66 68 72 80 96 129 130 132 136 144 160 192 257 262 266 268 272 288 320 384
184:3 5 6 9 12 26 40 49 50 52 65 66 84 88 100 112 136 144 161 162 164 196 224 266 273 274 276 280 289 290 292 304 324 328 336 352 385 386 388 416 448
262:7 9 10 12 17 18 20 24 35 37 38 40 48 67 69 70 72 80 97 98 100 129 130 132 136 144 160 192 257 258 260 264 272 288 320 384
39:3 9 10 21 22 24 37 38 44 49 50 52 68 81 82 97 98 104 112 129 134 140 144 162 164 168 192 257 260 264 272 290 322 352 386 416
141:3 6 13 17 26 28 33 34 44 52 56 69 73 74 76 80 96 130 133 137 140 144 164 168 193 196 200 258 261 265 268 272 292 296 321 324 328 384
283:7 11 13 19 21 25 26 28 35 37 38 41 42 44 49 50 52 56 67 69 70 73 74 76 81 82 84 88 97 98 100 104 131 133 134 137 138 140 145 146 148 152 161 162 164 168 176 193 194 196 200 208 224 259 261 262 265 266 268 273 274 276 280 289 290 292 296 304 321 322 328 336 352 385 386 388 392 400 416 448
52:3 5 6 9 10 12 18 20 24 34 36 40 49 65 66 68 72 80 96 130 132 136 145 161 176 192 257 258 260 264 272 288 320 384
130:3 4 8 17 18 33 34 48 65 66 80 96 129 130 144 160 192 257 258 272 288 320 384
488:7 11 13 14 19 21 22 25 26 28 35 38 41 42 44 49 50 52 56 67 69 70 73 74 76 81 82 84 88 97 98 100 104 112 131 133 134 137 138 140 145 148 152 161 162 164 168 176 193 194 196 208 224 259 261 262 265 266 268 274 276 280 289 290 292 296 304 321 322 324 328 336 352 385 386 388 392 400 416 448
9:3 5 6 9 10 12 16 32 65 66 68 72 129 130 132 136 192 257 258 260 264 320 384
151:7 11 13 14 21 22 25 26 28 35 37 38 41 42 44 49 50 67 69 70 73 74 76 81 82 84 88 97 98 100 104 112 131 133 134 137 138 140 145 146 148 152 161 162 164 168 176 193 194 196 200 208 224 259 261 262 265 266 268 273 276 280 289 290 292 296 304 321 322 324 328 336 352 385 386 388 392 400 416 448
509:31 39 43 46 51 53 54 57 58 71 77 85 89 92 102 108 113 114 120 135 142 153 163 173 177 184 197 198 204 209 210 212 228 232 267 269 270 275 277 278 281 291 293 294 298 306 308 312 323 330 340 387 389 390 396 404 410 420 425 450 452 480
30:6 11 13 19 21 25 26 28 34 37 40 48 66 69 73 76 80 97 100 130 132 137 145 152 161 192 258 260 265 273 280 288 321 328 385 392 400
356:3 12 18 20 25 37 38 41 42 49 56 69 70 73 74 81 88 97 98 100 104 112 133 134 137 138 145 152 161 162 164 168 176 193 194 196 200 208 224 261 262 264 272 289 290 292 321 322 324 352 385 386 388 416 448
498:15 19 22 26 28 35 37 38 57 67 69 70 73 81 82 97 100 106 112 131 138 140 149 153 161 168 176 193 196 200 208 226 261 262 265 266 268 304 336 354 360 385 392 402 404 418 420 450 480
19:3 5 6 9 12 17 20 26 33 34 36 40 48 65 66 68 72 80 96 129 130 132 136 144 160 192 257 258 260 264 272 288 320 384
377:7 11 13 14 19 21 25 35 37 38 41 42 52 73 76 81 86 88 97 98 100 131 133 134 146 152 162 164 168 177 193 196 202 224 259 261 262 265 266 276 290 296 305 321 322 328 336 352 386 396 401 417 432
455:7 11 14 19 21 22 41 42 50 52 69 70 73 74 76 81 82 97 98 120 133 137 138 140 146 162 164 177 184 193 194 208 232 266 269 274 281 284 290 292 305 312 323 340 344 360 368 385 390 392 404 432 448
224:5 6 9 10 12 17 18 20 24 33 34 36 40 48 65 66 68 72 80 96 129 130 132 136 144 160 192 257 258 260 264 272 288 320 384
334:7 11 13 14 19 21 22 25 26 35 37 38 41 42 44 49 50 52 56 69 70 73 74 76 81 82 84 88 97 98 100 104 112 131 133 134 137 138 140 145 148 152 161 162 164 168 176 193 194 196 208 224 259 261 262 265 266 273 274 276 280 289 290 292 296 304 321 322 324 328 336 352 385 386 388 392 400 416 448
468:7 11 13 14 19 21 22 25 26 28 35 37 38 41 42 44 49 50 52 56 67 70 73 74 76 81 82 84 88 97 98 100 104 112 131 133 134 137 138 140 145 146 152 161 162 164 168 176 193 194 196 200 208 224 259 261 262 265 266 268 273 274 276 280 289 290 292 296 304 321 322 324 328 336 352 385 386 388 400 416 448
111:11 13 23 25 26 28 39 41 44 51 53 54 70 73 83 84 97 106 112 131 133 134 140 145 146 161 164 168 200 224 259 261 268 273 276 280 289 290 292 304 322 324 336 360 385 388 394 400 416
245:11 13 14 22 25 26 28 35 38 41 44 50 53 56 69 74 83 84 100 112 133 134 137 138 145 146 148 152 161 162 176 193 196 208 232 259 262 266 274 277 280 293 296 305 308 322 324 329 336 353 385 386 392 400 420 448
323:3 13 14 21 22 25 26 28 33 34 44 52 56 65 68 74 82 88 96 132 137 138 145 146 152 160 194 200 208 257 260 266 274 280 288 322 328 336 386 392 400 448
425:7 11 13 14 19 21 22 25 26 28 35 37 38 41 42 44 49 50 52 56 67 69 70 73 74 76 81 82 84 88 97 98 100 104 112 131 133 134 137 138 140 145 146 148 152 161 162 164 168 176 193 194 196 200 208 224 259 261 262 266 268 273 274 276 280 289 292 296 304 321 322 324 328 336 352 385 386 388 392 400 416 448
124:7 11 13 14 19 21 22 25 26 28 35 37 38 41 42 44 49 50 52 56 67 69 70 73 74 76 81 82 84 88 97 98 100 104 112 131 133 134 137 138 145 146 148 152 161 162 164 168 176 193 194 196 200 208 224 259 261 262 265 266 268 273 274 276 280 289 290 292 296 304 321 322 324 328 336 352 386 388 392 400 416 448
202:5 10 12 18 20 25 34 41 49 56 67 70 73 81 88 97 100 104 112 129 130 132 136 160 208 259 260 264 273 289 304 321 322 336 352 400 448
336:3 5 9 10 12 17 18 20 24 33 34 36 40 48 65 66 68 72 80 96 129 134 136 144 160 192 257 258 260 264 272 288 320 384
446:15 23 27 29 30 39 43 45 46 51 53 54 57 58 60 71 75 77 83 89 90 92 99 101 105 106 113 114 116 120 135 139 141 142 147 149 150 153 163 165 166 169 170 172 177 178 180 184 195 197 198 201 202 204 209 210 212 216 225 226 228 232 240 263 267 269 270 275 277 278 281 282 284 291 294 297 298 305 306 308 312 323 325 326 329 330 332 337 338 340 344 353 354 368 387 389 390 393 396 401 404 408 417 418 420 424 432 449 450 452 456 464 480
113:5 9 10 19 20 33 38 44 48 66 68 81 88 104 131 132 136 144 162 193 224 257 260 272 288 328 384
223:15 23 27 29 30 39 45 46 51 53 57 58 60 71 75 77 78 85 89 90 92 99 101 102 105 106 108 113 120 135 139 141 142 149 150 153 154 156 163 165 169 170 172 177 178 184 195 197 198 201 202 204 209 210 212 225 226 228 232 240 263 267 269 275 277 278 281 282 284 291 293 294 297 298 300 305 306 308 312 323 325 326 329 330 332 337 338 340 344 353 354 356 360 368 387 389 390 393 394 396 402 404 408 417 418 424 432 449 450 452 464
293:7 9 14 17 22 24 35 37 38 42 44 50 52 66 69 76 84 96 131 133 134 138 140 146 148 161 162 164 168 176 193 196 200 208 258 261 264 272 288 321 324 385 388 448
435:7 11 13 14 22 28 41 42 44 49 69 70 76 81 82 84 97 98 104 131 145 146 148 165 166 184 193 194 200 208 228 261 262 265 266 268 274 276 280 289 292 304 323 324 328 385 388 418 424 448
70:3 5 6 9 10 12 17 18 20 24 33 34 36 40 48 65 66 72 80 96 129 130 132 136 144 160 192 257 258 260 264 272 288 320 384
172:7 9 14 17 22 26 28 34 37 44 48 65 66 68 72 96 131 133 134 138 140 146 148 152 160 192 257 260 266 274 280 288 336 386 392 400
314:7 11 13 14 19 21 22 25 26 28 35 37 38 41 42 44 49 50 52 56 67 69 70 73 76 81 82 84 88 97 98 100 104 131 133 134 138 140 145 146 148 152 161 164 168 176 193 194 196 200 208 224 259 261 262 265 266 268 273 274 276 280 289 290 292 296 304 321 322 324 328 336 352 385 386 388 392 400 416 448
384:3 5 6 9 10 12 16 32 64 129 130 132 136 257 258 260 264 384
91:7 11 13 19 21 25 26 28 37 38 41 42 44 49 50 52 56 67 69 70 74 76 81 82 84 88 97 98 100 104 112 131 133 134 137 138 140 145 146 148 152 161 162 164 168 176 193 194 196 200 208 224 259 261 262 265 266 268 273 274 276 280 289 290 292 296 304 321 322 324 328 336 352 385 386 388 392 400 416 448
161:3 5 9 14 17 18 20 24 33 34 36 40 48 65 66 68 72 80 96 129 130 132 136 144 160 192 257 258 260 264 272 288 320 384
271:7 11 13 14 19 21 22 25 26 28 35 37 38 41 42 44 50 52 56 67 69 70 73 74 76 81 82 84 88 97 98 100 104 112 131 133 134 137 138 140 145 146 148 152 161 162 164 168 176 193 194 196 200 208 224 259 261 262 265 266 268 273 274 276 280 289 290 292 296 304 321 322 324 328 336 352 385 386 388 392 400 416 448
405:7 11 13 14 19 21 22 25 26 28 35 37 38 41 42 44 49 50 52 56 67 69 70 73 74 76 81 82 84 88 97 98 100 104 112 131 133 134 137 138 140 145 146 148 152 161 164 168 176 193 194 196 200 208 259 261 262 265 266 268 273 274 276 280 289 290 292 304 321 322 324 328 336 352 385 386 388 392 400 416 448
40:3 5 6 8 16 33 34 36 65 66 68 96 129 130 132 160 192 257 258 260 288 320 384
182:7 11 13 14 19 21 22 25 26 35 37 38 41 42 49 52 56 67 70 73 74 76 81 82 84 88 97 98 100 104 112 131 133 137 138 140 145 146 148 152 161 162 164 168 176 193 194 196 200 208 224 259 261 262 265 266 268 274 276 280 289 290 292 296 304 321 322 324 328 336 352 385 386 388 392 400 416 448
284:3 5 6 9 10 12 17 18 20 24 40 48 66 80 97 100 129 136 162 164 192 260 264 289 290 321 352 386 400 416
61:7 11 13 14 21 22 25 26 28 35 37 38 41 42 44 49 50 52 56 67 69 70 73 76 81 82 84 88 97 98 100 104 112 131 134 137 138 140 145 146 148 152 161 162 164 168 176 193 194 196 200 208 224 259 261 262 265 266 268 273 274 276 280 289 292 296 304 321 322 324 328 336 352 385 386 388 392 400 416 448
139:5 11 14 19 20 24 35 38 40 49 50 65 68 74 82 96 129 130 140 160 200 208 257 258 268 288 328 336 388 392 400 448
273:3 5 6 9 10 12 17 18 20 24 33 34 36 40 48 65 66 68 72 80 96 129 130 132 136 144 160 192 257 258 260 264 272 288 320 384
50:3 5 6 9 10 17 18 20 24 33 34 36 40 48 65 66 68 72 80 96 129 130 132 136 160 192 257 258 260 264 288 320 400
152:3 5 6 9 10 12 17 18 20 33 34 36 40 48 65 66 68 88 96 129 130 132 136 144 160 192 257 258 260 280 288 328 336 384
486:7 11 19 22 25 26 41 44 49 56 73 74 76 81 97 98 116 131 133 142 146 148 161 164 170 176 193 198 216 224 265 266 268 273 274 280 289 290 292 296 323 324 336 385 386 392 400
7:3 5 6 9 10 12 18 20 24 34 36 40 49 65 66 68 72 80 96 129 130 132 136 144 160 192 257 258 260 264 272 288 320 384
365:7 27 28 35 38 41 44 49 50 69 73 74 83 84 120 137 138 145 146 152 164 168 176 193 194 196 200 224 261 262 267 275 276 281 282 290 296 323 324 337 338 344 352 385 388 400
507:15 30 43 54 58 61 71 75 77 85 86 92 99 101 105 108 113 116 135 147 149 150 153 156 163 165 169 172 177 178 197 198 201 202 204 212 226 228 232 240 269 278 281 282 297 298 305 312 323 330 332 338 344 353 356 368 387 389 402 404 418 424 450
20:3 4 8 17 18 33 34 48 65 66 80 96 129 130 144 160 192 257 258 272 288 320 384
354:3 13 14 21 22 25 26 28 34 37 41 44 49 52 56 65 70 72 82 84 100 112 130 132 136 144 161 224 257 262 264 274 276 292 304 322 324 336 352 384
456:7 9 10 17 18 28 33 34 44 52 56 65 68 88 96 129 130 140 144 160 192 257 260 264 288 320 384
233:7 11 13 14 19 21 22 25 26 28 35 37 38 41 42 44 49 50 52 56 67 69 70 73 74 76 81 82 84 88 97 98 100 104 112 131 133 134 137 138 140 145 146 148 152 161 162 164 168 176 193 194 196 200 208 224 259 261 262 265 266 268 273 274 276 280 289 290 292 296 304 321 322 324 328 336 352 385 386 388 392 400 416 448
375:15 23 27 29 30 39 43 46 53 54 58 60 71 77 78 83 85 86 89 90 92 99 102 105 106 108 114 116 120 135 139 141 142 147 149 150 153 154 169 170 172 177 178 180 184 195 197 202 204 209 210 212 216 225 226 232 240 263 267 269 270 275 277 278 281 282 291 293 294 297 298 300 305 308 312 323 325 326 329 337 338 340 344 353 354 356 360 389 390 393 396 402 404 408 417 418 420 424 432 449 450 452 456 480
477:23 27 30 39 43 45 46 51 53 54 57 58 71 75 77 78 85 86 89 90 92 99 102 105 106 108 113 114 120 135 139 142 149 150 153 154 156 163 165 166 169 170 177 180 184 195 197 198 202 204 209 210 212 216 228 232 240 267 269 270 275 277 278 281 284 291 293 294 297 298 300 305 306 308 312 323 325 330 332 338 340 344 353 354 356 360 368 387 389 390 393 394 396 401 402 404 408 418 420 424 432 450 452 456 464 480
254:15 23 27 29 30 39 43 45 46 54 57 58 60 71 75 77 78 83 85 89 90 92 99 101 106 108 113 120 139 141 142 147 150 153 156 163 165 166 169 170 172 177 178 180 197 198 201 204 209 210 212 216 225 226 228 232 240 263 269 275 277 281 282 284 291 293 294 297 298 300 305 306 308 312 323 325 326 329 330 332 337 338 344 354 356 360 368 387 389 390 393 394 396 402 404 408 417 418 424 432 449 450 452 456 464 480
324:3 5 6 9 10 12 17 18 20 33 34 40 48 65 66 68 72 80 96 129 130 136 144 164 192 257 258 260 264 272 288 320 384
466:7 11 13 14 19 21 22 25 26 28 35 37 38 41 42 44 49 50 52 56 67 69 70 73 74 76 81 82 84 88 97 98 100 104 112 131 133 137 138 140 145 146 148 152 161 162 164 168 176 193 194 196 200 208 224 261 262 265 266 268 273 276 280 289 290 292 296 304 321 322 324 328 336 352 385 386 388 392 400 416 448
101:3 6 10 13 21 25 28 37 41 44 49 50 52 56 66 68 73 81 88 97 104 112 133 137 140 145 146 148 152 161 162 164 168 176 193 200 208 224 257 258 260 272 296 328 352 392 416 448
243:13 21 22 25 28 37 38 41 49 58 69 70 73 76 81 82 84 98 104 133 134 137 140 145 146 148 163 168 194 196 208 225 259 266 273 274 280 289 300 304 321 324 328 385 388 400 416 448
345:7 11 13 14 19 21 22 25 28 35 37 38 41 42 44 49 50 52 56 67 69 70 73 74 76 81 82 84 88 97 98 100 104 112 131 133 134 137 138 140 145 146 148 152 161 162 164 168 176 193 194 196 200 208 224 259 261 262 265 266 268 273 274 276 280 289 290 292 296 304 321 322 324 328 336 352 385 386 388 392 400 416 448
423:7 11 13 19 21 26 28 35 44 52 56 67 76 86 88 97 102 104 112 131 137 138 145 150 152 161 166 168 178 194 197 200 212 224 259 262 268 280 289 290 324 329 330 337 338 385 402 404 416 448
122:7 11 13 14 19 21 22 25 26 28 35 38 41 42 44 49 50 52 56 67 69 70 73 74 76 81 84 88 97 98 100 104 112 131 133 134 137 138 140 145 146 148 152 161 162 164 168 176 193 194 200 208 224 259 261 265 266 268 273 280 289 290 292 296 304 321 322 324 328 336 352 385 386 388 392 400 416 448
192:3 5 6 8 16 32 65 66 68 128 257 258 260 320
302:7 11 13 14 19 21 22 25 26 28 35 38 41 42 44 49 50 52 56 67 69 70 73 74 76 81 82 84 88 97 98 100 131 133 134 137 138 140 145 146 148 152 161 162 168 176 193 194 196 200 208 224 259 261 262 265 266 268 273 274 276 280 289 290 292 296 304 321 322 324 328 336 352 385 386 388 392 400 416 448
436:7 11 13 14 19 21 22 25 26 35 37 38 41 42 44 49 50 52 56 67 69 70 74 76 81 82 84 97 98 100 104 112 131 133 134 137 138 140 145 146 148 152 161 162 164 168 176 193 196 200 208 224 259 261 262 265 266 268 273 274 276 280 289 290 292 296 304 321 322 324 328 336 352 385 386 388 400 416 448
79:7 11 13 14 19 21 22 25 26 28 35 37 38 41 42 44 49 50 52 56 67 69 70 73 74 76 81 82 84 88 97 98 104 112 131 133 134 137 138 140 145 146 148 152 161 162 164 168 176 193 194 196 200 208 224 259 261 262 265 268 273 276 280 289 290 292 296 304 321 322 324 328 336 352 385 386 388 392 400 416 448
213:7 11 13 14 19 21 22 25 26 28 35 37 38 41 42 44 49 50 52 56 67 69 73 74 76 81 82 84 88 97 98 100 104 112 131 133 134 137 138 140 145 146 148 152 161 162 164 168 176 193 194 196 200 208 224 259 261 262 265 266 268 274 276 280 289 290 292 296 304 321 322 324 328 336 352 385 386 392 400 416 448
291:3 6 10 13 21 25 28 33 40 50 52 65 66 72 84 100 112 129 130 140 144 164 196 224 257 258 264 276 292 304 324 336 352 384
393:3 6 13 21 25 26 28 33 34 36 56 65 68 74 80 104 129 130 140 148 152 168 176 200 224 258 260 265 273 280 288 328 384
92:3 5 6 20 25 26 33 42 44 50 56 73 74 76 81 82 88 98 100 104 112 132 136 144 160 193 194 260 264 273 274 290 304 321 322 336 352 385 386 448
170:5 9 14 19 20 24 33 34 36 40 66 68 81 112 131 134 138 140 145 146 176 193 200 208 224 259 262 266 268 273 274 304 321 328 336 352 385 386 388 392 400 416 448
304:3 5 6 9 10 12 17 18 20 24 33 34 36 40 65 66 68 72 80 96 129 130 132 136 176 192 257 258 260 264 304 320 400 416
414:7 21 25 26 35 38 45 49 50 60 67 76 81 82 88 97 98 104 112 131 141 142 150 156 162 165 169 172 180 184 193 198 200 208 224 261 265 268 274 276 290 292 296 304 322 352 385 386 392 452
81:3 5 9 10 12 17 18 20 24 33 34 36 40 48 65 66 68 80 96 129 130 132 136 144 160 192 257 258 260 272 288 328 384
191:15 23 29 30 39 45 46 53 54 59 60 71 75 77 78 83 85 86 89 90 92 99 105 106 113 116 120 139 141 142 147 149 150 156 163 165 166 169 170 172 177 178 180 184 195 197 201 202 204 209 212 216 225 226 228 232 240 263 267 269 277 278 281 282 284 291 293 294 298 300 305 306 308 312 323 325 326 329 330 332 337 340 344 353 354 356 360 368 389 390 393 394 402 404 408 417 418 420 424 432 449 450 452 456 464 480
261:3 6 9 10 12 17 18 20 24 33 34 36 40 48 65 66 68 72 80 96 130 133 136 144 160 192 257 258 260 264 272 288 320 384
403:7 11 13 14 19 21 22 25 26 28 35 37 38 41 42 44 49 50 52 56 67 69 70 73 74 76 81 82 84 88 97 98 100 104 112 131 133 134 137 138 140 145 146 148 152 161 168 176 193 194 196 200 208 224 259 261 262 265 266 268 273 274 276 280 289 292 296 304 321 322 324 328 336 352 385 386 388 392 400 416 448
38:3 5 9 10 12 17 22 24 33 38 40 50 52 65 66 68 72 80 96 129 130 132 136 144 160 192 257 258 260 264 272 288 320 384
140:3 5 6 9 10 12 17 18 20 24 33 34 36 40 48 65 66 68 72 80 96 129 130 132 136 144 160 192 257 258 260 272 288 320 384
282:3 5 10 12 22 25 33 34 52 56 65 68 82 88 104 112 130 132 137 145 152 160 200 208 262 265 273 274 276 280 288 320 385 392 400
59:7 11 13 14 19 21 22 25 26 28 35 37 38 41 42 44 49 50 52 56 67 69 70 73 76 81 82 84 88 97 98 100 104 112 131 133 134 137 138 140 145 146 148 152 161 162 164 168 176 193 194 196 200 208 224 259 261 262 265 266 268 273 274 276 280 289 296 304 321 322 324 328 336 352 385 386 388 392 400 416 448
129:3 5 6 9 10 12 17 18 20 24 33 34 36 40 48 65 66 68 72 80 96 128 256
495:23 27 29 39 45 46 53 54 57 60 75 77 78 83 90 92 99 102 108 114 116 120 143 147 149 153 154 163 166 169 170 177 178 199 209 210 216 229 240 267 269 270 275 284 291 294 297 306 323 325 330 332 342 344 360 369 389 393 394 396 401 402 417 418 432 449 450 452 464
8:1 2 4 8 16 32 64 128 256
150:7 11 13 14 19 21 22 25 26 28 33 38 42 44 50 52 56 65 70 74 76 82 84 88 96 131 133 134 136 145 146 148 162 164 176 194 196 208 259 261 262 265 266 268 273 274 276 280 290 292 296 304 322 324 328 336 384
508:15 27 29 39 43 45 46 51 53 54 57 58 60 71 75 77 83 85 89 90 92 102 106 108 113 114 116 120 135 139 141 142 147 150 153 163 165 166 169 170 177 178 180 184 195 197 198 201 204 209 210 212 216 225 226 228 232 240 267 269 270 275 277 278 281 282 284 291 293 294 297 298 305 306 308 312 323 325 326 329 330 338 340 344 353 354 368 387 389 390 393 394 396 401 404 408 417 418 420 432 450 452 456 464 480
29:3 13 14 17 22 24 34 36 40 69 70 73 74 76 82 84 97 112 129 130 132 144 200 224 261 262 265 266 268 274 276 289 304 321 322 324 328 336 352 392 416 448
363:7 14 19 21 38 41 44 52 58 67 77 81 82 84 88 97 106 112 133 137 140 146 152 161 162 164 168 193 194 200 262 267 269 274 280 291 292 296 305 324 329 330 336 354 385 388 394 416
497:11 19 21 25 30 39 45 46 54 58 60 67 77 78 81 84 90 97 98 108 112 131 133 138 140 146 148 152 162 164 168 177 194 196 200 208 261 266 273 278 280 289 292 304 322 329 332 336 360 385 386 388 392 400 416
18:3 5 6 9 10 12 17 18 20 24 32 64 129 130 132 136 144 257 258 260 264 272 384
376:7 11 13 14 19 21 22 25 28 35 37 38 41 42 44 49 50 52 56 67 70 73 74 76 81 82 84 88 97 98 100 104 112 131 133 134 137 140 145 146 148 152 161 162 164 168 193 194 196 200 208 224 259 261 262 265 266 268 273 274 276 280 289 290 292 296 304 321 322 324 328 336 352 385 386 388 392 400 416 448
454:7 11 13 14 19 21 22 25 26 35 37 38 41 42 44 49 50 52 56 67 69 70 73 74 76 81 82 84 88 97 98 100 104 112 131 133 134 137 138 140 145 146 148 152 161 162 164 168 176 193 194 196 200 208 224 259 262 265 266 268 273 274 276 280 289 290 292 296 321 322 324 328 336 352 385 386 392 400 448
231:7 11 19 21 25 26 37 38 41 44 49 52 56 69 73 74 76 84 99 100 114 133 140 150 162 164 193 194 196 216 232 240 259 261 262 268 273 280 289 296 306 324 328 338 354 368 388 393 394 400 416 448
333:7 11 13 14 19 21 22 25 26 28 35 37 38 41 44 49 50 52 56 67 69 70 73 74 76 81 82 84 88 97 98 100 104 112 131 133 134 137 138 140 145 146 148 152 161 162 164 168 176 193 194 196 200 208 224 261 262 265 266 273 274 276 280 289 290 292 296 304 321 322 324 328 336 352 385 388 392 400 416
475:15 23 27 29 30 39 43 45 46 53 54 57 58 71 75 77 78 83 85 86 89 90 92 99 101 102 105 106 108 113 116 120 135 139 141 147 149 150 153 154 156 163 165 169 170 172 177 178 184 195 197 198 201 202 204 209 210 212 226 228 232 240 263 269 275 277 278 281 282 284 293 294 297 298 300 305 306 308 312 323 325 329 330 332 337 338 340 344 353 356 360 368 387 389 393 396 401 402 404 408 417 418 424 432 449 450 456 464
110:7 11 13 14 19 21 22 25 26 28 35 37 38 41 42 44 49 50 52 67 70 73 74 81 82 84 97 98 100 104 112 131 133 134 137 138 140 145 146 148 152 161 162 164 168 176 193 194 196 200 208 224 259 261 262 265 266 268 273 274 276 280 289 290 292 296 304 321 322 324 328 336 352 385 386 388 392 400 416
244:7 11 13 14 21 22 25 26 28 35 37 38 41 42 44 49 50 52 56 67 69 70 74 76 81 82 84 88 97 98 100 104 112 131 133 134 137 138 145 146 148 152 161 162 176 193 194 196 200 208 224 259 261 262 265 266 268 273 274 276 280 289 290 296 304 321 322 324 328 336 352 385 386 388 392 400 416 448
322:3 5 9 14 17 22 26 28 33 34 36 40 48 65 66 68 72 80 96 129 130 132 136 144 160 192 257 258 260 264 272 288 320 384
424:3 6 13 21 24 33 40 48 65 66 72 80 100 133 137 138 140 145 146 148 162 164 196 224 261 265 266 268 273 274 276 288 320 385 386 388 392 400
99:3 5 10 17 20 33 38 44 48 68 72 80 98 129 132 136 146 162 194 224 257 262 264 272 288 320 386
201:3 5 6 24 34 36 40 49 73 74 76 81 82 84 97 112 137 138 140 144 160 193 194 196 200 265 266 268 273 274 276 289 304 321 322 324 328 336 352 385 386 388 392 448
343:11 13 14 23 26 37 38 44 49 52 56 67 70 73 74 81 88 100 104 112 134 137 138 140 147 149 163 164 168 176 194 197 200 212 224 263 265 268 273 274 280 289 290 292 296 304 321 336 352 385 388 392 400 416 448
445:15 30 39 43 45 46 51 53 54 57 58 60 71 75 77 78 83 85 89 90 92 99 101 102 105 106 108 113 114 116 120 135 139 142 147 150 153 154 156 163 166 169 170 172 177 178 184 195 197 198 201 202 204 209 210 212 216 226 228 232 240 267 269 270 275 277 278 281 282 284 291 293 294 297 298 305 306 308 312 323 325 326 330 337 338 340 344 353 368 387 389 390 393 394 396 404 408 417 418 420 424 432 450 452 456 464 480
112:3 5 6 9 10 12 17 18 20 24 33 34 36 40 48 65 66 68 72 80 96 130 132 136 144 160 192 257 258 260 264 272 288 320 384
222:7 11 19 21 22 25 35 42 45 49 50 52 56 70 74 77 81 88 101 105 108 131 133 137 138 152 161 162 168 176 193 196 200 210 224 266 268 273 274 290 293 296 321 340 352 386 388 392 416 464
292:3 6 9 10 12 17 18 20 24 34 37 40 48 65 66 68 72 80 96 130 133 136 144 161 164 192 257 258 260 264 272 288 320 384
434:7 11 13 14 19 21 22 25 26 28 35 37 38 41 42 44 49 50 56 67 69 70 73 74 76 81 82 84 97 98 100 104 112 131 133 134 137 138 140 145 146 148 152 161 162 164 168 176 193 194 196 200 208 261 262 265 266 268 273 274 276 280 289 290 292 296 304 321 322 324 328 336 385 386 388 392 416 448
69:3 5 6 9 10 12 17 18 20 24 33 34 36 48 65 66 68 80 104 129 130 132 144 168 200 224 257 258 260 272 296 328 352 392 416 448
211:7 11 13 14 19 21 22 25 26 28 35 37 38 41 42 44 49 50 52 56 67 69 70 73 74 76 81 82 84 88 97 98 100 104 131 133 134 137 140 145 146 148 152 162 164 168 176 193 194 196 200 208 259 261 262 265 266 268 273 274 276 280 289 290 292 296 304 321 322 324 328 336 352 385 386 388 392 400 416 448
313:7 11 13 14 19 21 22 25 26 35 37 38 41 42 49 50 52 67 69 70 73 76 81 82 84 88 97 98 100 104 112 131 133 134 137 138 140 145 146 148 152 161 162 164 168 176 193 194 196 200 208 224 259 261 262 265 266 268 273 274 276 280 289 290 292 296 304 321 322 324 328 336 352 385 386 388 400 416 448
391:7 11 13 14 19 21 22 26 28 35 37 38 41 42 44 49 50 52 56 67 69 70 73 74 76 81 82 84 88 97 98 100 104 112 131 133 134 137 138 140 145 146 148 152 161 162 164 168 176 193 194 196 200 208 224 259 261 262 265 266 268 273 274 276 280 289 290 292 296 304 321 322 324 328 336 352 385 386 388 392 416 448
90:3 5 14 18 20 25 33 38 42 44 56 70 73 74 76 81 88 98 100 104 112 130 132 137 145 152 168 176 192 262 265 266 268 273 280 288 320 385 392 400
160:3 5 6 9 10 12 17 18 20 24 32 64 129 130 132 136 144 257 258 260 264 272 384
270:7 9 12 18 20 35 37 38 42 49 56 67 69 70 74 81 88 97 98 100 104 112 129 134 138 144 162 164 168 194 196 200 224 257 258 264 292 304 324 336 352 384
404:7 9 14 19 20 24 35 36 40 49 50 67 68 74 81 82 97 98 112 131 133 134 136 144 161 162 193 194 224 259 261 262 266 268 273 274 289 290 304 321 322 328 336 352 385 386 388 416 448
47:7 11 13 14 19 21 22 25 26 28 35 37 41 42 44 49 50 52 56 67 69 70 73 74 76 81 82 84 88 97 98 100 104 112 131 133 134 138 140 145 146 148 152 161 162 164 168 176 193 196 200 208 224 259 261 262 265 266 268 273 274 276 280 289 290 292 296 304 321 322 324 328 336 352 385 386 388 392 400 416 448
181:7 11 13 14 19 21 22 25 26 28 35 38 41 42 44 49 50 52 56 67 69 70 73 74 76 81 82 84 88 97 98 100 104 112 131 133 134 137 138 140 145 146 148 152 161 162 164 168 176 193 194 196 200 208 224 259 261 262 265 266 268 273 274 276 280 289 292 296 321 322 324 328 336 352 385 386 388 392 400 416 448
259:3 5 6 10 12 18 20 25 33 34 36 40 48 65 66 68 72 80 96 129 130 132 136 144 160 192 257 258 260 264 272 288 320 384
60:6 10 12 18 21 25 35 37 41 49 52 56 67 68 73 80 96 130 132 136 145 161 176 192 258 260 265 273 280 288 321 328 385 400
138:3 5 6 9 10 12 17 18 20 24 33 34 36 40 48 65 66 68 72 96 129 130 132 136 160 208 257 258 260 264 288 336 400 448
272:1 6 8 18 20 34 36 48 64 130 132 144 160 258 260 272 288 384
49:3 5 6 9 10 12 17 18 20 24 33 34 36 40 48 65 66 68 72 80 96 129 130 132 136 144 160 192 257 258 260 264 272 288 320 384
159:7 11 13 21 25 28 35 37 41 42 49 54 67 69 70 73 76 81 90 98 104 112 137 138 140 147 150 162 176 210 212 216 224 259 262 265 268 282 290 304 324 330 336 352 385 386 388 408 416 448
485:11 22 26 29 37 38 44 51 52 56 69 70 73 76 82 98 113 131 137 140 145 146 148 152 170 194 224 261 265 266 268 273 274 289 292 321 328 340 352 386 416 452 464
6:3 5 6 8 17 18 20 33 34 36 48 65 66 68 80 96 128 256
364:7 11 13 14 19 21 25 26 28 35 37 38 41 42 44 49 50 52 67 69 70 73 74 76 81 82 84 97 98 104 112 131 133 134 137 138 140 145 146 148 152 162 164 168 176 193 194 196 200 208 224 259 261 262 266 268 273 274 276 280 289 290 292 296 304 321 322 324 328 336 352 385 386 388 392 400 416 448
506:15 27 29 30 39 43 45 46 51 54 57 58 60 71 75 77 78 83 85 86 90 92 99 101 105 106 108 113 116 120 135 139 142 147 149 150 153 154 156 163 165 166 169 170 172 177 178 180 197 198 201 202 204 210 212 216 225 226 228 232 240 269 277 278 281 282 284 291 293 294 297 298 305 306 308 312 323 326 329 330 332 338 344 353 354 356 368 387 389 390 393 394 396 402 404 408 417 418 420 424 432 450 452 456 465 480
27:3 5 14 22 25 26 28 36 41 42 48 66 68 73 80 97 104 134 137 138 140 145 146 148 152 160 193 200 258 260 265 273 280 288 321 328 385 392 400 448
353:7 10 13 18 21 25 28 35 36 40 48 65 68 72 98 131 133 134 137 140 145 148 152 161 162 194 208 224 257 258 260 264 288 336 400 448
463:23 27 29 30 39 43 45 46 51 53 54 57 58 60 71 75 77 78 83 86 89 90 92 99 102 105 106 108 113 114 116 120 139 141 142 147 149 150 153 154 156 163 165 166 169 170 177 178 180 184 195 197 198 202 204 209 210 216 228 232 240 263 267 269 270 275 277 278 281 284 291 293 294 297 300 305 306 308 312 323 325 329 330 332 338 340 344 353 356 360 368 387 389 390 393 394 396 401 402 404 408 417 418 420 432 449 450 452 464
232:5 9 12 17 20 26 35 36 42 50 56 67 70 74 82 88 97 98 104 112 131 134 136 144 160 192 257 260 266 274 280 290 296 304 320 386
374:7 19 21 25 26 35 38 41 42 49 60 69 75 78 82 84 97 108 112 131 138 141 145 146 148 162 165 172 184 198 201 204 216 224 266 268 273 274 280 289 290 304 321 322 328 352 386 389 393 400 416 448
476:7 19 21 30 41 46 50 52 56 67 73 74 76 86 88 98 100 104 113 131 133 134 137 138 140 145 152 161 164 168 176 196 200 210 259 269 270 273 278 282 284 292 296 322 325 336 353 385 388 400 418 480
253:15 23 29 30 39 43 46 51 53 54 57 58 60 71 75 77 78 83 85 89 90 92 101 102 108 113 114 120 135 139 141 142 147 153 156 163 165 169 170 172 177 178 184 195 197 198 201 204 209 210 212 216 225 226 228 232 240 267 269 270 275 277 278 281 282 291 293 294 298 300 305 306 308 312 323 325 326 330 332 337 338 340 344 354 356 361 368 387 389 390 393 394 396 402 404 417 418 420 424 449 450 452 464 480
331:7 11 13 14 19 21 22 25 35 37 38 41 42 44 49 50 52 56 67 69 70 73 74 76 81 82 84 88 97 98 100 104 112 131 133 134 137 138 140 145 146 148 152 161 162 164 168 176 193 194 196 200 208 224 259 261 262 265 266 268 273 274 276 280 289 290 292 296 304 321 322 324 328 336 352 385 386 388 392 400 416 448
465:7 11 13 14 19 21 22 25 26 28 35 37 38 41 42 44 49 52 56 67 69 70 74 76 81 82 84 88 97 98 100 104 112 131 133 134 137 138 140 145 146 148 152 162 164 168 176 193 194 196 200 208 224 259 261 262 265 266 268 273 276 280 289 292 296 304 321 322 324 328 336 352 385 386 388 392 400 416 448
100:3 5 6 9 10 12 17 18 20 33 34 36 40 48 65 66 68 72 80 96 129 130 132 136 144 192 257 258 260 264 272 288 320 384
242:7 11 13 14 19 21 22 25 26 28 35 37 38 41 42 44 49 50 52 56 67 69 70 73 74 76 81 82 84 88 97 98 100 104 112 131 133 134 137 138 140 145 146 148 152 161 162 168 176 193 194 196 200 208 224 259 261 262 265 266 268 273 274 280 289 290 296 304 321 322 324 328 336 352 385 386 388 392 400 416 448
344:7 11 13 14 17 18 28 33 34 44 52 56 66 68 73 88 96 129 134 136 148 164 176 192 257 258 260 264 272 320 416
422:7 11 13 14 19 21 22 25 26 28 35 37 38 41 42 44 49 50 52 56 67 69 73 74 76 81 82 84 88 97 98 100 104 112 131 133 134 137 138 140 145 146 148 152 161 162 164 168 176 193 194 196 200 208 224 259 261 262 265 266 268 273 274 276 280 289 290 292 296 304 321 322 324 328 336 385 386 388 392 400 416 448
121:7 11 13 14 19 21 22 25 26 28 35 37 38 41 42 44 49 50 52 56 67 69 70 73 76 81 84 88 97 98 100 104 112 131 133 134 137 138 140 145 146 148 152 161 162 164 168 176 193 194 196 200 208 224 259 261 262 265 266 268 273 276 280 289 290 292 296 304 321 322 324 328 336 352 385 386 388 392 400 416 448
199:7 11 13 14 19 21 22 25 26 28 35 37 38 41 42 44 49 50 52 56 67 69 70 73 74 76 81 82 84 88 97 98 100 104 112 131 133 134 137 138 140 145 146 152 161 162 164 168 176 193 194 196 200 208 224 259 261 262 265 266 268 273 274 280 289 290 292 296 304 321 322 324 328 336 352 385 386 388 392 400 416 448
301:7 11 13 14 19 21 22 25 26 28 35 38 41 42 44 49 50 52 56 67 69 70 73 74 76 81 82 84 88 97 98 100 104 112 131 133 134 137 138 145 146 148 152 161 162 164 168 176 193 194 196 200 208 224 259 261 262 265 266 268 273 274 276 280 289 290 292 296 304 321 322 324 328 336 352 385 388 392 400 416 448
443:15 27 30 39 43 45 46 53 54 58 60 71 75 77 83 85 86 89 90 92 99 101 105 106 108 113 114 116 135 139 147 149 150 153 154 156 163 165 166 169 172 177 178 184 195 197 198 201 202 204 209 210 212 216 225 226 228 232 240 263 267 269 277 278 281 282 284 291 294 297 298 300 305 308 312 323 325 326 330 332 337 338 340 344 353 354 356 368 387 389 390 393 402 404 408 418 420 424 432 449 450 452 456 464 480
78:5 6 11 17 18 20 34 41 44 48 67 73 74 76 88 97 100 104 129 130 136 144 160 196 259 264 289 292 321 322 324 336 352 388 448
212:7 11 12 17 20 24 33 36 40 50 67 69 70 73 74 80 96 129 130 132 136 144 259 261 262 265 266 274 290 304 321 322 324 328 416 448
290:3 5 6 9 10 12 17 18 24 33 34 40 52 65 66 72 84 100 112 129 130 132 136 144 160 192 257 258 264 276 292 304 324 336 352 384
392:3 5 6 9 10 12 17 18 20 24 33 34 36 40 48 65 66 68 72 80 96 129 130 132 144 160 192 257 258 260 264 272 288 320 384
67:3 5 6 9 10 12 17 18 20 33 34 36 40 48 65 66 68 72 80 96 129 130 132 136 144 160 192 257 258 260 264 272 288 320
169:5 11 14 17 20 26 33 38 42 44 50 56 67 70 73 74 76 80 96 131 134 136 144 162 164 193 194 196 257 260 264 272 288 322 386 448
311:7 13 14 21 22 27 37 42 49 56 67 70 73 74 76 81 82 88 98 104 116 131 133 137 138 140 146 162 164 168 193 194 200 212 224 259 262 265 273 274 276 292 304 321 322 328 336 385 388 408 448
413:15 19 25 30 38 41 50 53 60 69 70 73 76 81 90 97 100 104 131 133 134 138 145 146 148 161 164 168 176 196 208 226 262 266 269 273 274 276 280 289 292 304 321 336 352 388 393 400 418 450 456
80:3 5 6 9 10 12 16 32 65 66 68 72 129 130 132 136 192 257 258 260 264 320 384
190:11 13 14 22 26 37 38 41 42 49 60 70 81 84 88 99 104 112 133 137 140 145 163 168 178 180 193 200 210 226 228 259 261 265 266 284 289 300 306 308 312 322 324 352 386 388 392 400
260:3 5 6 8 16 33 34 36 65 66 68 96 129 130 132 160 192 257 258 260 288 320 384
402:5 9 12 19 22 26 35 38 42 48 67 68 72 80 97 98 131 134 138 145 146 148 152 161 162 164 168 193 194 224 259 262 266 273 274 276 280 289 290 292 296 321 322 352 385 386 388 392 400 416 448
37:3 5 6 9 10 17 18 20 24 33 34 44 48 65 66 68 72 80 96 129 130 140 144 164 168 192 257 258 260 264 272 288 384
179:7 11 13 14 21 22 25 26 28 35 37 38 41 42 44 49 50 56 67 69 70 73 74 76 81 82 84 88 97 98 100 104 112 131 133 134 137 140 145 146 148 152 161 162 164 168 176 193 194 196 200 208 224 259 261 262 265 266 268 273 274 276 280 289 292 296 304 321 322 324 328 336 352 385 386 388 392 400 416 448
281:3 5 14 17 22 24 33 36 40 50 66 68 73 80 129 130 140 148 176 200 224 257 258 268 276 288 328 384
58:3 5 14 22 25 26 28 33 38 42 44 48 66 68 72 80 134 137 138 140 145 146 148 152 162 164 168 193 224 262 265 266 268 273 274 276 280 290 292 296 321 352 385 386 388 392 400 416 448
128:1 2 4 8 16 32 64 128 256
494:23 27 29 39 43 45 46 53 54 57 60 71 75 77 78 83 85 86 89 90 92 99 102 106 108 113 114 116 120 135 139 142 147 149 150 153 154 156 163 166 169 170 177 178 180 184 195 197 198 201 204 209 210 212 216 225 228 232 240 267 269 270 275 277 281 282 284 291 294 297 298 300 306 308 312 323 325 326 329 330 332 338 340 344 354 356 360 368 387 389 390 393 394 396 401 402 404 408 417 418 432 449 450 452 456 464 480
15:7 11 13 14 19 20 24 35 37 38 40 49 50 66 69 73 76 80 97 100 130 132 137 145 160 192 258 261 265 268 273 288 321 324 328 384
149:5 11 14 19 22 25 26 28 35 38 41 42 44 49 50 52 56 65 68 74 82 88 98 104 112 129 130 132 136 176 192 259 260 264 273 274 289 290 304 322 336 352 400 416
483:11 21 26 35 37 38 41 49 60 71 77 78 82 89 92 106 108 116 120 134 137 146 148 161 170 172 176 193 194 200 224 259 261 262 274 281 284 289 296 308 321 324 330 344 352 388 394 401 408 416 464
28:3 5 6 9 10 12 17 18 20 24 33 34 36 40 48 66 68 72 80 96 129 130 132 136 144 160 192 258 260 264 272 288 321 384
362:7 11 13 14 19 21 22 25 26 28 35 37 38 41 42 44 49 50 52 56 67 69 70 74 76 81 82 84 88 97 98 100 104 112 131 133 134 137 138 140 145 146 148 152 161 162 164 168 176 193 194 200 208 259 261 262 265 266 268 273 274 276 280 289 290 292 296 304 321 324 328 336 352 385 386 388 392 400 416 448
496:7 11 13 14 19 21 22 25 26 28 35 37 38 41 42 44 49 52 56 67 69 70 73 74 76 81 82 84 88 97 98 100 104 112 131 133 134 137 138 140 145 146 148 152 161 162 164 168 176 193 194 196 200 208 224 259 261 262 265 266 268 273 274 276 280 289 290 292 296 304 321 322 324 328 336 352 385 386 388 392 400 416 448
17:1 4 10 18 24 34 40 48 66 72 80 96 128 258 264 272 288 320
383:15 39 43 60 71 77 83 86 89 90 92 99 102 108 114 117 120 135 139 147 149 150 154 169 170 172 177 178 180 184 195 197 202 204 212 225 232 240 263 270 275 277 278 281 293 298 305 312 325 337 340 353 354 360 389 390 393 396 402 404 417 424 432 449 480
453:7 11 13 14 19 21 22 25 26 28 35 37 38 41 42 44 49 50 52 56 67 69 70 73 74 76 81 82 88 97 98 100 104 112 131 133 134 137 138 140 145 146 148 152 161 162 164 168 176 193 194 196 200 208 224 259 261 262 265 266 268 273 274 276 280 289 290 292 304 321 322 324 328 352 385 386 392 400 416 448
230:7 11 13 14 19 21 22 25 26 28 35 37 38 41 42 44 49 50 52 56 67 69 70 73 74 76 81 82 84 88 97 98 100 104 131 133 137 138 140 145 146 148 152 161 162 164 176 193 194 196 200 208 224 259 261 262 265 266 268 273 274 276 280 289 290 292 296 321 322 324 328 336 385 386 388 392 400 416 448
332:7 11 13 14 17 18 28 35 37 38 41 42 44 52 56 66 69 73 76 80 97 100 104 131 133 134 136 144 161 162 164 192 257 262 264 272 290 292 324 352 384
474:11 21 22 25 28 38 42 45 51 52 67 70 73 74 81 82 97 104 133 142 145 148 154 163 164 169 178 184 196 200 208 226 261 262 265 266 275 276 280 289 292 296 306 321 332 354 368 385 386 388 432 448
109:7 11 13 14 21 25 26 28 35 37 38 41 42 44 49 50 52 56 67 69 70 73 74 76 81 82 84 88 97 100 104 112 131 133 134 137 138 140 145 146 148 152 161 162 164 168 176 193 194 196 200 224 259 261 262 265 266 268 273 274 276 280 289 290 292 296 304 321 322 324 328 336 352 385 386 388 392 400 416 448
251:15 23 27 29 30 39 43 46 51 53 54 57 58 71 75 77 78 83 85 86 89 90 92 99 101 102 105 108 113 116 120 135 139 141 142 147 149 150 153 154 156 163 165 169 170 172 177 178 195 197 198 201 202 204 210 212 225 226 228 232 240 267 269 275 278 281 282 291 293 294 297 298 300 305 306 308 312 323 325 326 329 330 332 337 338 340 344 353 354 356 360 368 387 389 390 393 394 396 401 402 404 417 418 424 449 450 452 456 464 480
321:3 5 6 10 12 18 20 25 33 34 36 40 48 65 66 68 72 80 96 130 132 137 145 152 160 192 257 258 260 264 272 288 320 384
431:23 27 29 30 39 45 46 51 53 54 57 58 60 75 77 78 83 85 86 89 90 92 99 102 105 106 108 113 114 116 120 143 147 149 150 153 154 163 166 169 170 172 177 178 184 195 197 201 202 204 209 210 216 226 228 232 240 263 267 269 270 275 277 278 281 282 284 291 294 297 298 300 305 306 308 312 323 325 326 330 332 337 340 344 353 354 360 368 389 390 393 394 396 401 402 404 408 417 418 420 424 432 449 450 452 456 464 480
98:3 5 6 9 10 12 17 18 20 24 33 34 36 40 48 65 68 72 80 96 129 130 132 136 144 160 192 257 258 260 264 272 288 320 384
200:3 5 6 9 10 12 17 18 20 24 33 34 36 40 65 68 72 80 96 129 130 132 136 144 160 192 257 258 260 264 272 288 320 384
342:7 11 13 14 19 21 25 26 28 35 37 38 41 42 44 49 50 52 56 67 69 70 73 74 81 82 84 88 97 100 104 112 131 134 137 138 140 145 146 148 152 161 162 164 168 176 193 194 196 200 208 224 259 261 262 265 266 268 273 274 280 289 290 292 296 304 321 322 324 328 336 352 385 386 388 392 400 416 448
444:7 11 13 19 21 26 37 38 41 44 49 50 67 69 74 84 89 97 100 104 112 142 148 152 161 162 164 196 201 208 259 268 274 276 281 289 290 304 326 329 337 344 385 386 424 448
119:11 14 19 22 26 29 37 42 52 57 67 69 70 73 74 76 82 97 100 120 133 140 145 146 152 161 166 176 193 194 212 232 259 262 269 274 277 280 289 290 300 322 324 328 337 368 385 388 394 400 416
221:7 13 14 22 25 38 43 51 53 58 60 75 83 85 90 92 98 100 105 113 120 131 133 134 137 138 140 146 168 176 193 196 216 259 262 276 282 289 298 300 306 312 321 324 330 338 344 360 368 385 386 400 416 448
299:7 11 13 14 19 21 22 25 26 28 35 37 38 41 44 49 50 52 56 67 69 70 73 74 76 81 82 84 88 97 98 100 104 112 131 133 134 137 138 140 145 146 148 152 161 162 164 168 176 193 194 196 200 224 259 261 262 265 266 268 273 274 276 280 289 292 296 304 321 322 324 328 336 352 385 388 392 400 416 448
433:7 11 13 14 19 21 22 25 26 28 35 37 38 41 42 44 49 50 52 56 67 69 70 73 74 76 81 82 84 88 97 98 100 104 112 131 133 134 137 138 140 145 146 148 152 161 162 164 168 176 193 194 196 200 208 224 259 261 262 265 266 268 273 274 276 280 289 292 296 304 321 322 324 328 336 352 385 386 388 392 400 416 448
68:1 2 12 16 36 40 68 72 96 132 136 160 192 260 264 288 320 384
210:7 11 13 14 19 20 24 35 36 41 42 48 67 69 70 72 80 96 129 134 138 140 146 162 168 192 259 261 262 265 266 268 273 274 289 290 296 321 322 324 386 388 392 400 416
312:3 5 10 17 22 24 34 41 44 52 65 66 72 80 100 134 137 140 146 148 161 164 168 176 196 224 258 260 264 289 304 320 385 400 416
390:7 11 12 19 20 25 26 35 37 38 40 49 50 67 69 70 72 81 82 97 98 100 112 129 134 138 144 160 194 196 259 261 262 265 266 272 288 320 386 388 392
89:7 11 13 14 19 21 22 25 26 28 34 36 41 49 56 67 69 70 73 74 76 81 82 84 88 97 104 112 129 132 138 146 152 168 176 194 200 208 224 257 260 266 274 280 296 304 322 328 336 352 384
167:7 11 13 19 21 22 25 26 28 35 37 38 41 42 44 49 50 52 56 67 69 73 74 76 81 82 84 88 97 98 100 104 112 131 133 134 137 138 140 145 146 148 152 161 162 164 168 176 193 194 196 200 208 224 259 261 262 265 266 268 273 274 276 280 289 290 296 304 321 322 324 328 336 352 385 386 388 392 400 416 448
269:3 13 14 18 21 24 34 37 40 49 52 66 69 73 76 80 97 100 130 133 137 140 145 148 160 192 261 262 265 266 268 272 289 292 321 324 328 352 384
411:7 11 19 25 28 37 38 41 44 52 58 69 73 74 82 88 97 100 104 131 134 141 149 154 161 168 176 193 196 226 259 261 262 274 276 289 292 298 304 321 322 332 352 385 386 392 464
46:3 10 13 17 22 28 37 38 41 44 50 52 56 66 68 73 88 97 104 112 129 134 140 144 162 164 168 200 224 258 260 264 272 289 321 352 416 448
180:3 5 9 14 22 26 28 36 40 49 50 65 66 76 84 88 112 134 138 140 145 146 148 152 161 162 176 192 262 266 268 273 274 276 280 289 290 304 324 328 336 352 384
258:3 5 6 9 10 12 17 18 20 24 33 34 36 40 48 65 66 68 72 80 96 128 257 258 260 264 272 288 320
35:3 5 6 9 10 12 17 18 20 24 33 36 40 48 65 66 68 72 80 96 129 130 132 136 144 160 192 257 258 260 264 272 288 320 384
137:3 5 6 9 12 17 18 20 24 33 34 36 40 65 68 74 80 96 129 130 132 136 144 160 192 257 258 260 264 272 288 320 384
279:7 11 13 14 19 21 22 25 26 28 35 37 38 41 42 44 49 50 52 56 67 69 70 73 74 76 81 82 84 88 97 98 100 104 112 131 133 134 137 138 140 145 146 148 152 161 162 164 168 176 193 194 196 200 224 259 262 265 266 268 273 274 276 280 289 290 292 296 304 321 322 324 328 336 352 385 386 388 392 400 416 448
48:2 4 8 17 33 48 64 129 144 160 257 272 288 384
158:7 11 13 14 19 21 22 25 26 28 35 37 38 41 42 44 49 50 52 56 67 69 70 73 74 76 81 82 84 88 97 98 100 104 112 131 133 134 137 138 140 145 152 161 162 168 176 193 194 196 200 208 224 259 261 262 265 266 268 273 274 276 280 289 290 292 296 304 321 322 324 336 352 385 386 388 392 400 416 448
484:7 11 13 14 19 21 22 25 26 28 35 37 38 41 42 44 49 50 52 56 67 69 70 73 74 76 81 82 84 88 97 98 100 104 112 131 133 134 137 138 140 145 146 148 152 161 162 164 176 193 194 196 208 224 259 261 265 266 268 273 274 276 280 289 290 292 296 304 321 322 324 328 336 352 385 386 388 392 400 416 448
5:2 5 9 12 17 20 24 33 36 40 48 65 68 72 80 96 129 132 136 144 160 192 257 260 264 272 288 320 384
147:5 9 12 19 22 26 35 38 42 49 50 52 56 67 70 74 81 82 84 88 97 98 100 104 112 131 134 136 145 146 148 160 193 194 196 208 259 262 266 273 274 276 280 288 320 384
505:15 23 29 30 39 43 46 51 53 54 57 58 71 75 77 85 86 89 90 92 99 101 102 105 108 113 114 116 120 135 142 147 149 150 153 154 156 163 165 166 169 172 177 178 180 184 195 197 198 201 202 204 209 210 212 225 226 228 232 240 263 267 269 270 275 277 278 281 282 291 293 294 297 298 305 306 308 312 323 330 332 338 340 344 353 356 360 368 387 389 390 393 394 396 401 402 404 418 420 424 432 449 450 452 480
26:3 5 6 10 12 18 20 25 33 34 36 40 48 65 66 68 72 80 96 130 132 137 145 152 160 192 258 260 265 273 280 288 320 385 392 400
352:3 5 6 9 10 12 17 18 20 24 34 36 40 48 65 66 68 72 80 96 130 132 136 144 161 192 257 258 260 264 272 288 384
462:13 21 27 30 35 37 38 41 49 50 52 71 73 74 76 81 82 88 97 104 112 133 134 137 140 147 152 161 170 176 193 208 226 228 259 265 266 273 274 276 280 290 296 322 325 328 356 386 392 400 420 452 480
239:15 23 27 29 30 39 43 45 46 53 54 57 60 71 75 77 78 83 85 86 90 92 99 102 105 106 108 114 116 120 139 141 142 147 149 150 153 154 156 163 165 166 169 170 172 177 178 180 195 197 198 201 202 204 209 210 212 216 225 226 232 240 263 267 269 270 275 278 281 282 284 291 293 294 297 300 305 306 308 312 323 325 326 330 332 337 340 344 354 356 360 368 387 389 390 393 394 396 401 402 417 418 420 424 432 449 450 452 456 464
373:7 11 13 19 21 22 25 26 28 35 37 38 42 49 50 56 69 70 74 88 97 108 116 131 140 146 148 169 201 209 226 228 232 240 261 262 280 290 292 297 322 324 329 337 360 368 392 400 417 449 480
451:7 11 14 19 21 22 25 26 28 35 37 38 41 42 44 49 50 52 56 67 69 70 73 74 76 81 82 84 88 97 98 100 104 112 131 133 134 137 138 140 145 146 148 152 161 162 164 168 176 193 194 196 200 208 224 259 261 262 265 266 268 273 274 276 280 289 290 292 296 304 321 322 324 336 352 385 386 388 392 400 416 448
252:7 21 25 28 37 38 41 44 51 52 58 70 74 77 82 84 97 98 100 104 131 133 142 145 150 152 162 176 193 194 196 200 208 224 261 266 273 274 290 296 321 324 344 352 388 393 400 416 448
330:3 13 14 21 22 25 26 28 33 34 44 52 56 66 68 73 81 88 104 112 129 130 140 148 152 164 168 176 200 208 224 257 258 260 280 288 328 336 392 400 448
464:7 9 14 17 22 24 33 38 40 50 52 67 69 70 72 82 84 98 100 112 129 134 136 146 148 162 164 176 194 196 208 224 259 261 262 266 268 274 276 290 292 304 321 322 324 336 352 384
107:7 11 13 14 19 21 22 25 26 28 35 37 38 41 42 44 49 50 52 56 67 69 70 73 76 81 82 84 88 97 100 104 112 131 133 134 137 138 140 145 146 148 152 161 162 164 168 176 193 194 196 200 224 259 261 262 265 266 268 273 274 276 280 289 290 292 296 304 321 322 324 328 336 385 386 388 392 400 416 448
241:7 11 13 14 19 21 22 25 26 28 35 37 38 41 44 49 50 56 67 69 70 73 74 76 81 82 84 88 97 98 100 104 112 131 133 134 137 138 140 145 146 148 152 161 162 164 168 176 193 194 196 200 208 224 259 261 262 266 268 273 274 276 280 289 290 292 296 304 321 322 324 328 336 352 385 386 388 392 400 416 448
351:15 23 27 30 39 43 45 46 53 57 58 60 71 75 77 78 83 86 89 90 92 99 101 102 105 106 108 113 114 116 120 135 139 141 147 149 150 153 154 156 165 169 170 172 177 178 180 184 195 197 198 202 204 209 210 212 216 225 228 232 240 263 267 270 275 277 278 281 282 284 291 293 294 297 298 300 305 306 308 312 323 325 330 332 337 338 340 344 353 354 356 360 368 387 389 390 393 396 402 404 408 417 424 432 449 450 452 464 480
421:7 11 13 19 21 22 25 26 28 35 37 38 41 42 44 49 50 52 56 67 69 70 73 74 76 81 82 84 88 97 98 100 104 112 131 134 137 138 140 145 146 148 152 161 162 168 176 193 194 196 200 208 224 259 261 262 265 266 268 273 274 276 280 289 290 292 296 304 321 322 324 328 336 352 385 386 388 392 400 416 448
120:6 10 12 18 20 24 35 36 41 49 67 69 73 81 97 98 104 112 130 132 136 145 161 176 192 259 261 264 273 288 320 385 400
198:5 6 9 10 19 20 33 40 50 65 76 82 88 96 129 140 144 160 192 259 264 272 288 322 324 384
300:7 11 13 14 18 21 25 28 35 37 38 41 42 44 49 52 56 65 66 76 84 88 100 104 112 130 133 137 140 145 148 152 161 164 168 176 196 200 208 224 257 258 268 276 280 292 296 304 320 388 392 400 416
442:7 11 13 14 19 25 28 35 44 49 54 58 67 76 82 85 98 101 105 116 120 133 138 140 150 166 168 178 180 193 194 212 216 228 240 262 266 277 293 297 306 308 312 324 328 337 353 368 385 392 402 404 418 420 432 464 480
77:6 11 13 17 20 26 33 34 44 48 67 69 73 74 76 82 88 100 104 131 132 137 138 146 152 168 193 194 200 208 224 258 261 265 268 280 292 296 321 324 328 336 352 385 392 400 416 448
219:11 13 19 30 39 42 53 54 56 67 69 70 74 76 81 82 88 97 100 135 137 140 146 149 163 165 166 168 177 180 194 196 208 259 265 266 273 276 290 293 296 368 389 390 392 417 420 432 448
289:3 5 6 9 10 17 18 20 24 33 34 36 40 48 65 66 68 72 80 96 129 130 140 144 160 192 257 258 260 264 272 288 384
399:7 13 14 21 22 26 28 35 37 38 41 44 70 74 81 82 84 100 104 131 134 138 148 153 162 164 177 184 196 200 225 240 259 262 265 268 273 276 280 289 292 298 306 321 322 324 368 386 389 424 432 464 480
66:1 6 10 12 18 20 24 32 66 68 72 80 128 258 260 264 272 320
168:3 5 6 9 10 12 17 18 20 24 33 34 36 40 48 65 66 68 72 80 96 129 132 136 144 160 192 257 260 264 272 288 320 386
310:7 11 13 14 19 21 22 25 26 28 35 37 38 41 42 44 49 50 52 56 67 69 70 73 74 76 81 82 84 88 97 98 100 104 112 131 133 134 137 138 140 145 146 148 152 161 162 164 168 176 193 194 196 200 208 224 259 261 262 265 266 268 273 274 276 280 289 290 292 304 321 322 324 328 336 352 385 386 388 392 400 416 448
412:7 11 13 19 21 25 26 35 37 38 41 42 44 49 50 52 56 67 69 70 73 74 76 81 82 84 88 97 98 100 104 112 131 133 134 137 138 140 145 146 148 152 161 162 164 168 176 193 196 200 208 224 259 261 262 265 266 268 273 274 276 280 289 290 292 296 304 321 322 328 336 352 385 386 388 392 400 448
87:7 11 13 14 19 21 22 25 26 28 35 37 38 41 42 44 49 50 52 56 67 69 70 73 74 76 81 82 88 97 98 100 104 112 131 133 134 137 138 140 145 146 148 152 161 162 164 168 176 193 194 200 208 224 259 261 262 265 268 273 274 276 280 289 290 292 296 304 321 322 324 328 336 352 385 388 392 400 416 448
189:7 11 14 28 38 42 45 51 52 57 67 69 70 73 76 81 84 90 97 98 100 112 131 134 137 140 146 149 161 162 164 176 194 196 200 224 259 262 265 266 274 277 293 296 305 322 336 385 386 388 392 416 448
267:5 11 14 19 22 25 26 28 34 36 41 49 56 65 68 74 82 88 104 112 129 130 140 144 160 200 257 262 266 268 274 276 280 296 304 320 384
401:7 11 13 14 17 20 26 33 36 42 50 56 65 68 74 82 88 98 104 112 129 130 136 144 192 257 262 264 274 290 304 320 384
36:3 5 6 9 10 12 17 18 20 24 33 34 36 40 48 64 129 130 132 136 144 160 256
178:6 10 13 19 21 25 28 35 37 41 44 49 50 52 56 67 68 72 81 82 97 98 112 129 136 146 148 162 164 176 194 208 224 259 261 265 268 273 274 276 280 289 290 292 296 304 321 322 336 352 386 388 400 416 448
280:3 5 6 9 10 12 17 18 20 24 33 34 36 40 48 65 66 68 72 80 96 129 130 132 136 160 192 257 258 260 264 272 288 320 384
57:3 5 9 12 17 20 24 33 34 36 40 48 70 74 80 96 134 136 144 193 194 196 258 260 288 321 328 385 448
135:5 6 10 19 25 28 35 41 44 49 50 52 56 65 68 82 88 98 104 112 129 136 146 148 162 164 176 192 257 264 274 276 290 292 304 320 386 388 400 416
493:15 23 27 29 39 43 45 46 51 53 54 57 58 60 71 75 77 78 83 85 86 89 90 92 99 101 102 105 106 108 113 114 116 120 135 139 141 142 147 149 150 153 154 163 165 166 169 170 177 178 184 197 198 201 202 204 209 210 212 216 225 228 232 240 263 267 269 270 275 277 278 281 284 291 293 294 297 298 306 308 312 323 325 326 329 330 332 337 340 344 353 356 360 387 389 390 393 394 396 401 402 404 408 417 418 420 432 449 450 452 464 480
14:3 5 6 9 10 12 17 18 20 24 34 36 40 48 66 68 72 80 97 129 130 132 136 144 160 192 257 258 260 264 272 288 320 384
148:3 5 6 9 10 12 17 20 24 33 36 40 50 65 66 68 72 80 96 129 130 132 136 144 160 192 257 260 264 274 290 304 320 384
482:7 11 13 14 19 21 22 25 26 28 35 37 38 41 44 49 50 52 56 67 69 70 73 74 76 81 82 88 97 98 100 112 131 133 134 137 138 140 146 148 152 161 162 164 168 176 193 194 196 200 208 224 259 261 262 265 266 268 273 274 276 280 289 290 292 296 304 321 324 328 336 352 385 386 388 392 400 416 448
3:3 4 9 10 17 18 24 33 34 40 48 64 128 256
361:7 11 13 14 19 21 22 25 26 28 35 37 38 41 42 44 49 50 52 67 69 70 73 74 76 81 82 84 88 97 98 100 104 112 131 133 134 137 138 140 145 146 148 152 161 162 164 168 176 193 194 196 200 208 224 259 261 262 265 266 268 274 276 280 289 290 292 296 321 322 324 328 336 352 385 386 388 392 400 416 448
503:15 23 27 29 30 39 46 54 58 60 71 78 85 99 102 108 116 121 142 147 150 153 154 172 177 178 180 195 202 209 210 212 225 240 267 269 277 281 297 300 307 312 323 325 326 329 337 344 353 354 360 389 390 402 404 408 418 420 432 449 456 480
16:1 2 4 8 16 32 64 128 256
382:15 27 29 30 39 43 45 46 51 54 57 60 71 75 77 83 86 89 90 92 99 102 105 106 108 114 117 120 135 139 141 142 147 149 150 153 154 166 169 170 172 177 178 180 184 195 197 198 201 202 204 210 212 216 225 226 228 232 240 263 269 270 275 277 278 281 284 291 293 294 297 298 300 305 306 308 312 323 325 326 330 337 338 340 353 354 360 368 387 389 390 393 396 401 402 404 408 417 418 424 432 449 450 452 456 464 480
452:7 11 13 14 17 18 28 33 34 40 52 66 69 73 76 80 100 131 133 134 136 144 164 193 196 224 257 262 266 268 276 280 292 304 320 386 388 416
229:7 11 13 14 19 21 22 25 26 28 35 37 38 41 44 49 50 52 56 67 69 70 73 74 76 81 82 84 97 98 100 104 112 131 133 134 137 138 140 145 146 148 152 161 162 164 168 176 193 194 196 208 224 259 261 262 265 266 268 273 274 280 289 290 292 296 321 322 324 328 336 352 385 386 388 392 400 416 448
371:11 13 19 21 22 25 26 28 35 37 38 42 50 67 70 73 76 81 84 98 100 120 135 137 140 146 148 161 162 164 168 176 197 202 216 224 259 262 274 289 290 300 308 312 322 325 328 336 352 388 392 400 416 449
473:7 14 21 22 25 35 38 41 42 49 52 67 69 70 74 76 81 82 88 98 100 134 137 138 147 148 152 165 168 178 224 265 266 275 284 289 292 296 306 321 322 340 352 387 388 392 401 402 418 432 464
108:6 9 17 20 26 35 37 42 44 50 56 67 69 74 76 82 88 97 98 100 104 112 131 132 136 144 161 162 192 258 261 268 272 289 292 296 320 385 416
250:7 11 19 22 25 26 28 38 41 49 50 67 69 73 74 81 84 97 98 100 120 134 141 145 146 148 161 170 172 184 193 204 208 232 268 277 289 296 308 321 326 328 338 352 385 386 388 392 432
320:3 5 6 9 10 12 17 18 20 24 33 34 36 40 48 64 129 130 132 136 144 160 256
430:7 13 14 19 21 22 25 28 35 44 50 52 56 69 73 74 76 81 98 100 131 137 138 162 165 177 193 196 200 208 224 259 261 266 274 276 280 289 290 292 304 326 336 360 385 388 424 448
97:3 5 6 9 10 12 17 18 20 24 33 34 36 40 48 65 66 68 72 80 129 130 132 136 144 224 257 258 260 264 272 288 320 384
207:11 13 23 25 30 38 41 44 49 52 56 67 69 70 74 82 84 88 112 131 138 145 150 152 162 165 176 193 194 196 200 208 263 270 275 277 278 282 284 289 292 296 304 321 324 354 385 390 392 402 404 416
341:7 11 13 14 19 21 22 25 26 28 35 37 38 41 42 44 49 50 52 56 67 69 70 73 74 76 81 82 84 88 97 98 100 104 112 131 133 134 137 138 140 145 146 148 161 162 164 168 176 193 194 196 200 208 224 259 261 262 265 266 268 273 274 276 280 289 290 292 296 304 321 322 324 328 336 352 385 386 388 392 400 416 448
419:7 11 13 14 19 21 22 25 26 28 35 37 38 41 42 44 49 50 52 56 67 69 70 73 76 81 82 84 88 97 98 104 112 131 133 134 137 138 140 145 146 148 152 161 168 176 193 194 200 208 224 259 261 262 265 266 268 274 276 280 289 290 292 296 304 321 322 324 328 336 352 385 386 388 392 400 416 448
118:7 11 13 14 19 21 22 25 26 28 35 37 38 41 42 44 49 50 52 56 67 69 70 73 74 76 81 82 84 88 97 98 100 104 112 131 133 134 137 138 140 145 146 148 152 161 162 164 168 176 193 194 208 224 259 261 262 265 266 268 273 274 280 289 290 292 296 304 321 322 324 328 336 352 385 386 388 392 400 416 448
220:7 11 13 14 19 21 22 25 28 35 37 38 41 42 44 49 50 52 56 67 69 70 73 74 76 81 82 84 88 97 98 100 104 131 133 134 137 138 140 145 146 148 152 161 162 164 168 176 193 194 196 200 208 224 259 261 262 266 268 273 274 276 289 290 292 296 321 322 324 328 336 352 385 386 388 392 400 416 448
298:3 6 9 10 21 28 37 44 49 50 52 56 69 76 81 82 84 88 97 98 100 104 112 133 136 144 161 162 164 193 194 196 224 257 264 274 276 290 292 304 322 324 336 352 386 388 416 448
432:7 11 13 14 18 20 24 33 34 36 65 66 68 80 104 130 133 137 140 145 168 176 200 224 259 261 262 265 266 268 273 296 304 328 352 385 388 392 400 416 448
75:7 11 13 14 17 22 26 28 33 38 42 44 48 67 69 70 73 74 76 82 84 88 98 100 104 131 132 137 138 144 160 192 259 260 265 266 274 280 290 296 320 385 386 392
209:7 9 12 17 20 26 33 36 42 50 56 67 69 70 74 82 88 98 104 112 129 130 136 176 196 208 224 259 261 262 266 272 288 321 322 324 328 388 448
319:15 23 29 30 39 43 45 46 51 53 54 58 60 71 75 77 83 85 86 89 90 92 99 102 105 106 108 113 114 116 120 135 139 142 147 149 150 153 154 165 166 169 170 172 177 178 180 184 195 197 201 202 204 212 216 225 226 228 232 240 263 267 270 275 277 278 281 282 284 291 293 294 297 298 300 305 308 312 323 325 326 329 330 337 338 340 344 353 354 360 368 389 390 393 396 402 404 408 417 418 420 424 432 449 450 456 464 480
389:3 13 14 18 21 25 28 33 34 44 52 56 65 70 74 76 84 88 96 133 134 136 144 164 194 196 257 262 264 272 292 320 386 388 416
88:3 5 6 10 12 17 18 20 24 33 34 36 40 66 68 73 80 96 129 130 132 136 144 160 192 257 258 260 264 272 288 320 384
166:7 9 14 19 21 22 26 28 35 37 38 40 49 50 52 65 68 72 82 98 112 131 133 134 138 140 145 146 148 152 160 192 259 260 264 273 274 288 320 385 386 400
268:3 5 6 9 10 12 17 18 20 24 33 34 40 48 65 66 72 80 100 129 130 132 136 144 160 192 257 258 260 264 272 288 320 384
410:7 11 13 14 19 21 22 25 26 28 35 37 38 41 42 44 49 50 52 67 69 70 73 74 76 81 82 88 97 98 100 104 112 131 133 134 137 138 140 145 148 161 162 164 168 176 193 194 196 200 208 224 259 261 262 265 266 268 274 276 280 289 290 292 296 304 321 322 324 328 336 352 385 386 388 392 400 448
45:3 10 13 17 22 28 37 38 41 44 50 52 56 69 70 73 76 80 96 129 134 140 144 162 164 168 194 196 200 258 261 265 268 276 280 288 321 324 328 384
187:11 13 21 25 30 35 42 49 54 56 70 73 76 81 88 97 100 112 131 134 145 146 148 161 162 164 168 176 193 194 263 265 266 275 278 284 293 294 300 304 323 325 328 336 352 386 388 392 400
257:2 5 9 12 17 20 24 32 64 129 132 136 144 256
34:1 6 8 18 20 34 36 48 66 68 80 96 130 132 144 160 192 258 260 272 288 320 384
136:1 4 10 18 24 32 66 72 80 130 136 144 192 258 264 272 320 384
278:7 9 14 19 21 22 26 28 35 37 38 40 48 67 69 70 74 76 80 97 98 100 129 132 138 146 152 162 192 257 262 264 274 276 290 292 320 386 400 416
55:7 11 13 14 19 21 22 25 26 37 41 42 49 50 52 56 67 69 70 73 74 76 81 82 84 88 97 98 100 104 112 131 133 137 138 140 145 146 148 152 161 162 164 168 176 193 194 196 200 208 224 259 261 262 265 266 268 273 274 276 280 289 290 292 296 304 321 322 324 328 336 385 388 400 416 448
157:7 11 13 14 19 21 22 25 26 28 35 37 38 41 42 44 49 50 52 67 69 70 73 74 76 81 82 84 88 97 98 100 104 112 131 133 134 137 138 140 145 146 148 161 162 164 168 176 193 194 196 200 208 224 259 262 265 266 268 273 274 276 280 289 290 292 296 304 321 322 324 328 336 352 385 386 388 392 400 416 448
491:15 23 27 29 30 39 43 45 46 53 54 57 58 60 71 75 77 78 83 85 86 90 92 99 101 102 105 106 108 113 114 116 120 135 141 142 147 149 150 153 154 156 163 165 166 169 170 172 177 178 184 197 198 201 202 204 209 210 212 216 226 228 232 240 267 269 270 275 277 278 281 282 284 291 294 297 298 305 306 312 323 325 329 330 332 338 344 353 356 360 368 387 389 393 394 396 401 402 404 417 418 424 432 449 450 452 464 480
4:1 2 4 8 16 32 64 128 256
146:5 6 9 10 12 19 20 24 33 34 36 40 48 65 66 68 72 80 96 129 130 132 136 144 160 192 259 260 264 273 274 288 320 384
504:11 13 23 30 39 41 42 49 54 56 67 73 76 81 82 88 101 102 104 116 131 134 137 148 154 161 164 178 196 202 208 226 259 262 266 268 274 276 281 290 292 296 321 322 324 328 336 385 386 392 432 448
25:3 5 9 10 12 17 18 20 24 33 34 36 40 48 65 66 68 80 96 129 130 132 136 144 160 192 257 258 260 272 288 328 384
359:7 13 21 22 25 26 28 35 42 44 56 75 78 81 82 84 88 97 98 134 137 140 145 148 152 164 168 176 193 200 224 265 268 275 280 289 290 292 296 321 324 330 336 386 389 392 400
461:13 14 19 21 22 26 35 37 44 49 50 52 67 74 81 82 88 97 102 112 135 138 145 146 148 152 161 164 176 193 194 196 200 208 263 267 273 276 280 289 290 321 324 360 387 389 390 392 416
238:11 21 26 28 37 38 44 50 52 57 71 73 78 82 84 99 104 113 131 133 138 140 150 153 162 164 169 176 193 196 216 259 261 262 265 268 273 274 276 280 290 292 321 322 328 368 386 388 392 400 417 480
372:7 11 13 14 19 21 22 25 26 28 35 37 38 41 42 44 49 50 52 56 67 69 70 73 74 76 81 82 84 88 97 98 100 104 112 131 133 134 137 138 140 145 146 148 152 162 168 176 193 194 196 200 208 224 259 261 262 265 266 268 273 274 276 280 289 290 292 296 304 321 322 324 328 336 352 385 386 388 392 400 416 448
450:7 11 13 14 17 22 26 28 33 38 42 44 48 65 68 72 82 96 131 133 134 136 146 148 162 164 192 259 260 264 274 290 322 336 385 386 400 416
227:7 11 13 19 21 22 25 26 28 35 37 38 41 42 44 49 50 52 56 69 70 73 74 76 81 82 84 97 98 100 104 112 131 133 134 137 138 140 145 146 148 161 162 164 168 176 193 194 196 200 208 224 259 261 262 265 266 268 273 274 276 280 289 290 292 296 304 321 324 328 352 385 388 392 400 416 448
329:3 5 6 25 26 28 41 42 44 49 50 52 56 73 74 76 80 96 130 137 140 145 148 152 160 192 260 265 266 272 289 290 296 320 384
471:15 23 27 29 30 39 43 45 46 53 54 57 58 60 71 75 77 78 85 86 89 90 92 99 102 105 106 108 113 116 120 135 139 142 147 149 150 153 154 156 163 165 166 169 170 172 177 178 180 184 195 197 198 202 204 209 210 212 225 228 240 267 269 277 278 281 284 291 293 294 297 300 306 308 312 323 325 326 329 330 332 337 338 340 344 353 354 356 360 368 387 389 390 393 394 401 402 404 408 418 420 432 449 450 456 464 480
106:6 9 10 12 17 18 20 35 37 40 48 67 69 88 97 98 100 129 144 162 164 194 196 200 224 257 258 260 264 336 352 416 448
240:7 10 12 18 20 24 34 36 40 48 67 69 70 72 81 97 130 133 137 144 161 192 259 261 262 265 273 289 321 322 324 336 352 384
350:14 23 26 29 35 37 38 41 42 49 50 56 69 75 83 84 89 104 135 137 138 140 147 149 150 152 161 162 168 180 193 196 210 224 261 262 267 273 274 280 290 292 304 321 322 324 336 352 386 388 400 416 448
420:3 13 14 21 22 25 26 28 37 38 40 48 66 69 72 81 84 96 133 134 137 138 140 145 146 148 152 161 162 164 193 196 208 261 262 265 266 268 272 288 320 385 386 388 392
127:15 23 29 30 39 43 45 46 51 54 57 60 71 75 77 78 83 85 86 89 90 92 99 101 102 105 108 114 116 120 135 139 141 142 147 149 150 154 156 163 165 166 169 170 172 177 178 180 184 195 197 201 202 204 209 212 216 225 226 232 240 263 269 270 275 277 278 281 282 291 293 294 297 298 300 305 306 308 312 323 325 326 330 332 337 340 344 353 354 356 360 368 387 389 390 393 394 396 401 402 404 417 418 420 424 432 449 450 452 464 480
197:3 5 10 18 25 28 34 41 44 49 52 56 66 68 73 81 88 97 104 112 129 134 140 144 164 168 200 224 257 258 268 272 292 296 328 352 388 392 416 448
339:7 11 13 14 19 21 22 25 26 28 35 37 38 41 42 44 49 50 52 56 67 69 70 73 74 76 81 84 88 97 98 100 104 112 131 133 134 137 138 140 146 148 152 161 162 164 168 176 193 194 200 208 224 259 261 262 265 266 268 273 274 276 280 289 290 292 296 304 321 322 324 328 336 352 385 386 388 392 400 416 448
441:7 11 13 14 19 37 38 41 42 50 60 81 86 90 92 99 100 104 112 131 133 134 146 153 156 161 172 180 184 200 208 226 261 262 266 273 274 276 280 291 300 304 322 324 328 336 353 388 393 416 449
76:3 5 6 9 10 17 18 20 24 33 34 44 48 65 66 76 80 100 104 129 130 132 136 144 160 192 257 258 260 264 272 288 320 384
218:7 11 13 19 21 22 25 26 28 35 38 41 42 49 50 52 56 67 69 70 73 74 76 81 82 84 88 97 98 100 104 112 131 133 134 137 138 140 145 146 148 152 161 162 164 168 176 193 194 196 200 208 224 259 261 262 265 266 268 273 274 276 280 289 290 292 296 304 321 322 328 336 352 385 386 388 392 400 416 448
288:2 5 9 12 17 20 24 33 36 40 48 65 68 72 80 96 129 132 136 144 160 192 257 260 264 272 288 320 384
398:7 11 13 14 19 21 22 25 26 28 35 37 38 41 42 44 49 50 52 56 67 69 70 73 74 76 81 82 84 88 97 98 100 104 112 131 133 134 137 138 140 145 148 152 161 162 164 176 193 194 196 200 208 224 259 261 262 265 266 268 273 274 276 280 289 290 292 296 304 321 322 324 328 336 352 385 386 388 392 400 416 448
65:2 4 9 17 24 33 40 48 65 72 80 96 129 136 144 160 192 257 264 272 288 320 384
175:15 19 21 25 28 35 42 45 52 67 73 76 82 88 97 98 104 112 131 138 141 145 150 152 161 162 164 176 193 196 200 208 224 261 262 267 268 273 276 282 289 290 304 322 328 336 352 385 386 416 448
309:7 11 13 14 19 21 22 25 26 28 35 37 38 41 42 44 49 50 52 56 67 69 70 73 74 76 81 82 84 88 97 98 100 104 131 133 134 137 138 140 145 146 148 152 162 164 168 176 193 194 196 200 208 224 259 261 262 265 266 268 273 274 276 280 289 290 292 304 321 322 324 328 336 352 385 386 388 392 400 416 448
387:6 10 13 19 20 25 35 37 40 49 50 67 69 72 80 96 131 133 137 140 144 160 192 259 260 264 272 288 320 384
86:5 9 14 19 22 24 33 34 36 48 65 66 76 80 104 131 132 136 144 160 259 262 266 268 272 288 324 328 385 386 448
188:7 11 13 14 19 21 22 25 26 28 37 38 41 42 44 49 50 52 56 67 69 70 73 74 76 81 82 84 88 97 98 100 104 112 131 133 134 137 140 145 146 148 152 161 162 164 168 176 193 194 196 200 208 224 259 261 262 265 266 268 273 274 276 289 290 292 296 304 321 322 324 328 336 352 385 386 388 392 400 416 448
266:3 5 6 9 10 12 17 18 20 33 34 36 56 65 66 68 88 104 112 129 130 132 136 144 160 192 257 258 260 264 272 288 320 384
400:3 5 9 10 12 17 18 20 24 33 34 36 40 48 65 66 68 72 80 129 130 132 136 144 160 192 257 262 264 272 288 320 384
43:3 5 12 17 18 24 33 38 40 52 70 72 80 98 100 134 136 144 162 164 193 194 196 224 258 260 264 272 321 352 385 416 448
177:7 11 13 14 19 21 22 25 26 28 33 36 42 50 56 65 68 74 82 88 98 104 112 129 130 132 136 144 160 258 260 264 273 304 320 384
287:13 19 25 28 35 38 41 42 44 50 52 56 69 73 74 76 81 86 88 131 133 134 138 140 145 152 161 168 176 193 194 200 212 228 263 266 268 274 276 289 292 296 323 326 328 336 354 385 388 392 418 480
56:3 5 6 9 10 12 17 18 20 24 33 34 36 40 48 65 66 68 72 80 96 130 132 136 144 160 192 258 260 264 272 288 320 385
134:3 5 6 9 10 12 17 20 24 33 36 40 50 65 66 68 72 80 96 129 130 132 136 144 160 192 257 258 260 264 272 288 320 384
492:11 13 21 25 26 35 38 41 44 50 69 78 81 82 84 97 106 112 131 138 148 152 162 164 177 193 196 208 232 261 266 268 275 276 304 322 324 329 344 360 385 386 416 456
13:3 6 10 13 17 18 20 24 33 34 36 40 48 66 69 73 76 80 96 129 130 132 136 144 160 192 258 261 265 268 272 288 321 324 328 384
155:7 11 13 14 19 21 22 25 26 28 35 37 38 41 42 44 49 50 52 56 67 69 70 73 74 76 81 82 88 97 98 100 104 112 131 134 137 138 140 145 146 148 161 162 164 168 176 193 194 196 200 208 224 259 261 262 265 266 268 273 274 276 280 289 290 292 296 304 321 322 324 328 336 352 385 386 388 392 400 416 448
481:11 13 14 19 21 22 25 26 28 35 37 38 41 42 44 49 50 52 56 67 69 70 73 74 76 81 82 84 88 97 98 104 112 131 133 134 137 138 140 145 146 148 152 161 162 164 168 176 193 194 196 200 208 224 259 261 262 265 266 268 273 274 276 280 289 290 292 296 304 321 322 324 328 336 352 385 386 388 392 400 416 448
2:1 2 4 8 16 32 64 128 256
360:5 6 9 10 17 18 28 35 44 52 56 67 72 80 97 98 100 130 140 148 152 161 164 168 176 193 196 224 257 260 280 290 296 304 322 352 392 400 416 448
502:15 23 27 29 30 39 43 45 46 51 53 54 57 58 60 71 75 77 78 83 85 90 92 99 101 102 105 106 108 113 114 116 135 139 142 147 149 150 153 154 165 166 170 172 177 178 180 195 197 198 201 202 204 209 210 212 216 225 228 232 240 263 267 269 275 277 281 284 291 293 294 297 298 300 305 306 308 312 323 325 326 329 330 332 337 338 344 353 354 360 368 387 389 390 393 396 401 402 404 408 417 418 420 424 432 449 450 452 456 464 480
23:7 9 14 19 21 22 26 28 34 37 44 49 52 56 66 68 72 81 97 112 129 134 138 140 146 148 152 164 168 176 208 224 257 262 264 274 276 292 304 336 352 384
381:15 27 29 39 43 45 46 51 53 54 57 58 60 71 77 83 85 86 89 90 92 99 101 102 105 106 108 113 114 116 120 135 139 141 142 147 149 150 153 154 156 163 165 169 170 172 177 178 180 184 195 197 198 202 204 209 210 212 225 228 232 240 263 267 269 270 275 277 278 281 291 293 294 298 305 306 308 312 323 325 326 329 330 337 340 353 354 356 360 368 387 389 390 393 394 396 401 402 404 408 417 418 420 424 432 449 450 452 480
459:11 14 21 38 42 44 50 52 57 71 73 76 83 86 88 99 101 104 112 131 134 137 145 146 148 152 161 162 164 193 194 200 259 265 268 273 278 280 290 292 322 324 353 385 394 400 424 448
228:5 9 14 17 22 26 28 33 34 44 48 65 66 68 80 96 131 134 138 140 146 148 152 164 168 192 257 262 264 272 288 320 384
370:7 11 13 14 19 21 22 25 26 28 35 37 38 41 42 49 50 52 56 67 69 70 73 76 81 82 84 97 98 100 104 112 131 133 134 137 138 140 145 146 148 152 161 162 164 168 176 193 196 200 208 224 259 261 262 265 266 268 273 274 276 280 289 290 296 304 321 322 324 328 336 352 385 386 388 392 400 416 448
472:7 11 13 14 19 21 22 25 26 28 35 37 38 41 42 44 49 50 52 56 67 69 70 73 74 76 81 82 84 88 97 98 100 104 112 131 133 134 137 138 140 145 148 152 161 164 168 176 193 194 196 200 208 224 259 261 262 265 266 268 273 274 276 280 289 290 292 296 304 321 322 324 328 336 352 385 386 388 392 400 416 448
249:14 19 29 35 37 41 49 50 56 67 69 70 88 104 116 131 134 141 148 152 162 164 193 196 202 208 224 262 267 269 273 276 280 289 290 292 296 321 324 330 338 368 388 393 394 402 416 448
327:7 11 13 14 19 21 22 25 26 28 35 37 38 41 42 44 49 50 52 56 67 69 70 73 74 76 81 82 84 88 97 98 100 104 112 131 133 134 137 138 140 145 146 148 152 162 164 168 176 193 194 196 200 208 224 261 262 265 266 268 273 274 280 289 290 292 296 304 321 322 324 336 352 385 386 388 392 400 416 448
429:11 13 21 25 26 28 35 42 49 50 70 73 81 88 97 100 135 142 145 146 161 162 172 176 195 197 202 204 208 232 262 268 273 276 289 292 296 304 321 322 328 336 352 385 394 400 448
96:3 4 8 16 33 34 65 66 96 129 130 160 192 256
206:7 11 13 19 21 22 25 26 28 35 37 38 41 42 44 49 50 52 56 67 69 70 73 74 76 81 82 84 88 97 100 104 112 131 133 134 137 138 140 145 148 152 161 162 164 168 176 193 194 196 200 208 224 259 261 262 265 266 268 273 274 276 280 289 290 292 296 304 321 322 324 328 352 385 386 388 392 400 416 448
340:3 9 10 17 22 28 37 38 40 48 65 66 68 72 80 133 134 140 146 148 152 161 162 164 224 260 264 274 289 290 352 385 386 400 416 448
418:6 10 13 17 24 33 40 50 52 65 72 82 84 98 100 112 131 133 137 140 146 148 160 192 259 261 265 268 274 276 290 292 304 322 324 336 352 385 386 388 392 400
117:7 11 13 14 19 21 22 25 26 28 35 37 38 41 42 44 49 50 52 56 67 69 70 73 74 76 81 82 84 88 97 100 104 112 131 133 134 137 138 140 145 146 148 152 161 162 164 168 176 193 194 196 200 208 224 259 261 262 265 266 268 273 274 280 289 290 292 296 304 321 322 324 328 336 385 386 388 392 400 416 448
195:6 10 13 19 20 25 35 36 41 49 50 56 67 69 72 80 96 129 132 136 144 162 192 257 264 272 290 322 324 386 416
297:3 10 13 17 18 28 34 37 40 48 69 70 72 80 97 100 133 134 137 140 148 152 161 164 193 194 196 224 258 261 264 276 289 292 321 324 352 385 388 400 416 448
439:15 23 27 29 30 39 43 45 46 51 53 54 57 58 60 71 75 77 78 83 85 89 90 92 99 102 105 106 108 113 116 135 141 142 147 150 153 154 163 165 166 169 170 172 177 178 180 184 195 198 201 202 204 209 210 212 216 225 226 228 232 240 263 267 269 270 275 277 278 281 282 284 291 293 294 297 298 300 305 308 312 323 325 326 329 330 332 337 340 344 353 354 360 368 387 389 390 393 401 402 404 408 417 418 420 424 432 449 450 456 464 480
74:3 5 6 9 10 12 17 18 20 33 34 36 40 48 65 66 68 88 96 129 130 132 136 144 160 192 257 258 260 264 272 288 320
208:7 9 10 12 17 18 20 24 33 34 36 40 48 67 69 70 72 80 96 129 130 132 136 144 160 192 259 261 262 264 272 288 321 322 324 384
318:7 11 13 19 21 25 30 41 42 49 50 56 69 73 78 81 84 90 97 98 108 131 133 134 140 145 146 152 180 196 202 224 261 265 266 268 273 278 280 289 294 308 322 324 336 352 392 404 416 448
388:3 5 9 10 12 17 18 20 24 33 34 36 40 48 65 66 68 72 80 96 129 134 136 144 160 192 257 262 264 272 288 320 386 388
95:7 19 21 25 30 41 42 44 52 56 67 69 78 81 86 90 92 98 112 133 137 142 146 148 152 162 164 168 176 198 200 208 224 259 261 262 265 276 282 289 292 306 322 324 328 392 400 416 449
165:7 11 13 14 17 22 26 28 34 37 41 44 52 56 65 66 76 80 100 104 131 133 134 137 138 140 146 148 152 161 164 168 176 192 257 262 266 268 274 276 280 292 296 304 324 328 352 384
307:7 11 13 14 19 21 22 25 26 28 35 37 38 41 42 44 49 50 56 67 69 70 73 74 76 81 82 84 88 97 98 100 104 112 131 133 134 137 138 140 145 146 148 161 162 164 168 176 193 194 200 208 224 259 261 262 265 266 268 273 274 276 280 289 290 292 304 321 322 324 328 336 352 385 388 392 400 416 448
409:7 11 13 14 19 21 22 25 28 35 37 38 41 42 44 49 50 52 56 67 69 70 73 74 76 81 82 88 97 98 100 104 112 131 133 134 137 138 140 145 146 148 152 161 162 164 168 176 193 194 196 200 208 224 259 261 262 265 266 273 274 276 280 289 292 296 304 321 322 324 328 336 352 385 386 388 392 400 416
44:3 6 9 10 12 17 18 20 34 37 40 48 65 66 68 72 80 96 129 130 132 136 144 160 192 257 258 260 264 272 288 320 384
186:7 11 13 14 19 21 22 25 26 28 35 37 38 41 42 44 49 50 52 56 67 69 70 73 74 76 81 82 84 88 97 98 100 104 112 131 133 134 137 138 140 145 146 148 152 161 162 164 168 176 193 194 196 200 208 224 259 261 262 265 266 268 276 280 289 290 292 296 304 321 322 324 328 336 352 385 386 388 392 400
256:1 2 4 8 16 32 64 128 256
33:1 6 10 12 16 34 36 40 66 68 72 96 130 132 136 160 192 256
143:7 11 13 14 19 21 22 25 26 28 35 37 38 41 42 44 49 50 52 56 67 69 70 73 74 76 81 82 84 88 97 98 100 104 112 131 134 137 138 140 145 148 152 161 162 164 176 193 194 196 200 208 224 259 261 262 265 268 273 276 280 289 290 292 296 304 321 322 324 328 336 352 385 386 388 392 416 448
277:3 6 9 12 17 20 26 36 40 50 66 68 72 97 112 133 136 144 161 162 193 224 260 264 274 289 290 304 321 336 352 385 386 416 448
54:5 9 10 19 22 28 35 38 44 49 50 52 56 67 70 72 81 82 84 96 130 132 136 145 161 176 192 258 260 264 273 288 321 336 385 400
156:3 9 12 21 22 26 33 36 40 50 66 68 81 88 96 130 133 144 193 200 261 262 266 273 274 276 280 290 304 321 328 336 385 388 392 416 448
490:7 11 14 19 21 22 25 26 28 38 44 49 50 52 56 67 69 70 74 76 81 82 88 100 105 112 133 134 140 148 163 164 169 170 176 194 201 208 225 232 265 274 276 291 293 296 328 352 387 388 392 401 416 449
11:3 5 10 12 17 18 20 24 33 34 36 40 48 65 66 68 72 80 96 129 130 132 136 144 160 192 257 258 260 264 272 288 320 384
145:3 5 6 9 12 17 20 26 33 36 42 50 56 65 68 74 82 88 98 104 112 129 130 132 136 144 160 192 257 258 260 264 272 288 320 384
511:511
24:2 4 9 17 24 32 65 72 80 129 136 144 192 257 264 272 320 384
358:7 11 13 19 21 22 25 26 28 35 38 41 42 44 49 50 52 56 67 69 73 74 76 81 82 84 88 97 98 100 112 131 133 134 137 138 140 145 146 148 152 161 162 164 168 176 193 194 200 208 224 259 261 262 265 266 268 273 274 276 280 289 290 292 296 304 321 322 324 328 336 352 385 386 388 392 400 416 448
460:7 11 13 14 19 21 22 25 26 28 35 37 38 41 44 49 50 52 56 67 69 73 74 76 81 82 84 88 97 98 100 104 112 131 133 134 137 138 140 145 146 148 152 161 162 164 168 176 193 194 196 200 208 259 261 262 265 266 268 273 274 276 280 289 290 292 296 304 321 322 324 328 336 385 386 388 392 400 416
237:11 13 14 23 26 37 41 49 52 67 69 74 76 81 82 84 97 102 120 131 134 138 148 152 161 164 176 193 196 224 259 265 266 274 277 284 290 292 296 321 322 344 352 385 388 400 448
379:15 23 29 30 39 43 46 51 54 58 60 71 75 77 78 83 85 86 89 90 92 99 101 102 105 108 113 114 116 120 135 139 147 149 150 153 154 156 163 165 166 169 170 172 177 178 180 184 195 197 198 201 202 204 209 212 225 226 228 232 240 263 269 270 275 277 278 281 282 284 293 297 298 305 306 308 312 323 325 329 330 332 337 338 340 344 353 354 356 360 368 387 389 390 393 394 396 402 404 417 418 420 424 432 449 450 480
449:7 10 13 19 20 25 35 36 40 48 66 68 72 80 96 130 133 137 140 145 152 160 193 259 261 262 264 272 288 320 385 388
226:7 9 14 17 20 26 35 37 38 40 50 65 70 74 76 82 88 96 129 134 136 146 160 192 259 260 264 274 289 290 304 322 336 386 400
328:3 5 6 9 10 17 18 28 33 34 44 52 56 65 66 68 72 80 96 129 130 132 136 144 160 192 257 258 260 264 272 288 320 384
470:7 11 13 14 25 37 41 44 49 50 70 73 74 81 82 84 88 97 100 104 112 140 145 150 152 163 166 168 180 195 196 224 265 273 278 280 291 294 296 308 321 328 352 385 390 394 402 404 418 420 432 450 464
105:7 10 12 18 21 24 35 36 40 48 67 69 70 73 81 84 97 98 129 134 144 162 194 196 200 224 257 262 276 288 322 324 328 336 384
247:15 23 27 29 30 39 43 45 46 54 57 58 60 71 75 77 78 85 86 90 92 99 101 102 106 108 114 116 120 135 139 141 142 147 150 153 154 156 163 165 169 170 172 177 178 180 184 195 198 201 202 209 210 212 225 226 228 232 240 267 269 270 277 281 282 284 291 293 294 297 298 300 305 306 308 312 323 325 326 329 330 332 337 344 353 354 356 360 368 389 390 393 394 401 402 404 408 417 418 420 424 432 449 450 452 456 464 480
349:7 11 13 25 28 37 38 41 44 49 50 56 69 78 83 86 88 99 100 104 112 133 134 137 138 147 148 162 164 168 176 193 194 196 200 224 265 266 273 274 276 280 289 322 324 328 387 396 416 464
427:7 19 22 25 26 28 37 41 44 50 52 56 69 70 73 76 81 82 84 88 97 104 112 133 137 138 145 148 152 163 166 168 176 193 194 200 224 261 262 267 274 276 280 291 292 298 304 321 322 324 328 336 352 387 388 400 417 418 448
126:11 13 14 19 21 22 26 39 42 49 50 52 67 73 84 97 98 108 112 131 138 145 148 161 162 164 168 176 193 198 204 210 216 224 259 265 268 280 289 290 292 296 304 322 325 328 336 352 389 390 402 452
196:3 5 6 9 10 12 17 18 20 24 33 34 36 40 48 65 66 68 72 80 96 129 130 132 136 144 160 192 257 258 264 272 288 320 384
338:7 9 14 19 21 22 26 28 33 38 40 50 52 65 70 74 76 82 84 88 98 100 112 129 134 136 144 160 192 259 261 262 266 268 273 274 276 280 288 320 386 388
440:7 11 13 14 19 21 25 26 28 35 37 38 41 42 44 49 50 56 67 69 73 74 76 81 82 84 88 97 98 100 104 112 131 133 134 137 138 140 146 148 152 161 162 164 168 193 194 196 200 208 259 261 262 265 266 268 273 274 276 280 289 290 292 296 304 321 322 324 328 336 385 386 388 392 400 416 448
115:7 11 13 14 19 21 22 25 26 28 35 37 38 41 42 44 49 50 52 67 69 70 73 74 76 81 82 84 97 98 100 104 131 133 134 137 140 145 146 148 152 161 162 164 168 176 193 194 196 200 208 224 259 261 262 265 266 268 273 274 280 289 290 292 296 304 321 322 324 328 336 352 385 386 388 392 400 416 448
217:7 11 13 14 19 21 22 25 28 35 37 38 41 42 49 50 52 56 67 69 70 73 74 76 81 82 84 88 97 98 100 104 131 133 134 137 138 140 146 148 152 161 162 164 168 176 193 194 196 200 208 224 259 261 262 265 266 268 273 274 276 280 289 290 292 296 321 322 324 336 352 385 386 388 392 400 416 448
295:7 11 13 14 19 21 22 25 26 28 35 37 38 41 42 44 49 52 56 67 69 70 73 74 76 81 82 84 88 97 98 100 104 112 131 133 134 137 138 140 145 146 148 152 161 162 164 168 176 193 194 200 208 224 259 261 262 265 266 268 273 274 276 280 289 290 292 296 304 321 322 324 328 336 352 385 386 388 392 400 416 448
397:7 11 13 14 19 21 22 25 26 28 35 37 38 41 42 44 49 50 52 67 69 70 73 74 76 81 82 84 88 97 100 104 112 131 133 134 138 140 145 146 148 152 161 162 164 168 176 193 194 196 200 208 259 261 262 265 266 268 273 274 276 280 289 290 292 296 304 321 322 324 328 336 352 385 386 388 392 400 416 448
64:1 2 4 8 16 32 64 128 256
174:7 11 13 14 19 21 22 25 26 28 35 37 38 41 42 44 49 50 52 56 67 69 70 73 74 76 81 82 84 88 97 98 100 104 112 131 133 134 137 138 140 145 146 152 161 162 164 168 176 193 196 200 208 224 259 261 262 265 266 268 273 274 276 280 289 290 292 304 321 322 324 328 336 352 385 386 388 392 400 416 448
308:6 11 12 18 20 24 35 37 41 42 49 65 74 80 98 100 104 131 133 137 138 145 161 162 164 168 176 194 196 200 224 257 264 290 292 304 320 386 388 400 416
386:5 6 9 10 12 17 18 20 24 33 34 36 40 48 65 66 68 72 80 96 129 130 132 136 144 160 192 259 260 264 272 288 320 384
85:3 5 10 12 17 18 20 34 41 56 70 73 88 97 100 104 112 129 130 144 164 168 196 200 224 262 265 280 289 292 296 304 321 322 324 328 336 352 388 392 416 448
163:5 9 14 19 20 24 35 36 42 49 50 67 68 74 81 82 96 129 134 136 146 160 192 257 260 266 274 288 320 386 400
265:3 5 6 9 10 17 18 20 24 33 34 36 40 48 65 66 68 72 80 96 129 130 140 144 160 192 257 258 260 264 272 288 320 384
407:7 11 14 21 28 35 41 50 67 70 74 76 82 84 88 98 100 104 113 133 138 145 150 152 161 166 172 176 196 200 269 273 278 280 293 294 298 300 304 325 329 336 352 386 388 392 449
42:3 5 6 9 10 12 17 18 20 24 33 34 36 40 48 65 66 68 72 80 129 130 132 136 144 224 257 258 260 264 272 352 416 448
176:3 5 6 9 10 12 18 20 24 33 34 36 40 48 65 66 68 72 80 129 130 132 136 144 160 192 258 260 264 273 288 320 384
286:7 11 13 14 19 21 22 25 26 28 35 37 38 41 42 44 49 50 52 56 67 69 70 73 74 76 81 82 84 88 97 98 100 104 112 131 133 134 137 138 140 145 146 152 161 162 168 176 193 194 196 200 208 224 261 262 265 266 268 273 274 276 280 289 290 292 296 304 321 322 324 328 336 352 385 386 388 392 400 416 448
63:7 11 25 26 37 42 49 54 56 69 70 76 81 82 84 88 99 100 104 112 141 142 146 148 152 162 164 168 193 200 208 265 266 273 274 276 280 289 294 300 304 323 354 387 389 390 396 400 416 450 452
133:3 5 6 9 10 17 18 28 33 34 44 52 56 65 66 68 72 80 96 129 130 132 136 144 160 192 257 258 260 264 272 288 320 384
275:5 11 12 19 22 25 26 34 41 49 52 56 65 66 68 72 112 131 132 136 145 146 161 176 192 257 262 264 274 276 288 336 386 400
12:2 5 9 12 16 33 36 40 65 68 72 96 128 257 260 264 288 320
154:6 10 12 19 21 25 33 40 50 52 65 68 82 88 96 130 132 137 145 152 176 200 208 259 261 265 273 274 276 280 290 292 304 322 328 336 385 392 400 416 448
480:7 10 13 18 20 24 34 36 40 48 67 68 72 80 96 130 133 137 140 145 161 193 259 261 262 265 268 272 289 321 322 385 388 392 416 448
1:1 2 4 8 16 32 64 128 256
367:15 23 27 29 30 39 43 45 46 51 53 54 57 60 71 75 77 78 83 85 86 89 90 92 99 101 102 105 106 108 113 114 116 120 135 139 141 142 147 149 150 153 154 156 163 165 166 169 170 172 177 178 180 184 195 197 201 202 204 209 210 212 216 225 232 240 263 267 269 270 275 277 278 281 284 291 293 294 297 298 305 306 308 312 323 325 326 330 332 337 340 344 353 354 360 389 390 393 394 396 401 402 404 408 417 418 424 432 449 450 452 464 480
501:15 23 27 29 30 39 43 46 51 53 54 57 58 60 71 75 77 78 85 89 92 99 101 102 108 113 114 116 120 135 139 142 147 150 153 154 163 169 172 177 178 180 184 195 197 198 201 202 204 209 210 212 225 226 228 232 240 263 267 269 270 275 277 278 281 284 291 293 294 297 298 300 306 308 312 323 325 326 329 330 337 340 344 353 354 360 368 387 389 390 394 396 401 402 404 408 418 420 432 449 450 452 456 480
22:5 6 9 10 19 20 24 33 34 36 40 48 65 66 68 72 80 96 129 130 132 136 144 160 192 257 258 260 264 272 288 320 384
380:15 19 21 25 28 35 44 52 58 71 73 74 76 81 82 84 97 98 120 133 134 137 145 148 154 162 184 193 194 216 228 232 240 263 266 268 274 289 290 296 304 322 325 336 352 386 388 392 448
458:7 11 13 14 19 21 22 25 26 28 35 37 38 41 42 44 49 50 52 56 67 69 70 73 74 76 81 82 88 97 98 100 104 112 131 133 134 137 140 145 146 148 152 161 162 164 176 193 194 196 200 208 259 261 262 265 266 268 273 274 276 280 289 290 292 296 321 322 324 328 336 352 385 386 388 392 400 416 448
235:7 13 19 21 22 25 37 41 42 44 49 50 52 56 69 73 76 84 90 97 100 112 131 134 137 138 140 176 196 200 209 210 226 262 265 268 276 282 290 304 321 330 338 344 360 388 392 401 402 417 450 464 480
369:7 11 13 14 19 21 22 25 26 28 35 37 38 41 42 49 50 52 56 67 69 70 73 74 76 81 82 84 88 97 98 100 112 131 133 134 137 138 140 145 146 148 152 161 162 164 168 176 193 194 196 200 208 224 259 261 262 265 266 273 274 276 280 289 290 292 296 304 321 322 324 328 336 352 385 386 388 392 400 416
479:23 30 39 45 46 53 57 58 75 77 78 89 90 92 99 105 106 108 113 120 139 149 150 153 156 165 170 184 195 197 198 202 204 209 210 228 277 278 281 284 293 294 306 308 312 323 325 330 332 338 344 356 360 368 387 389 393 404 408 428 432 450 464 481
248:7 11 13 14 19 21 22 25 26 28 35 37 38 41 42 44 49 50 52 56 67 69 70 73 74 76 81 82 84 88 97 98 100 104 112 131 133 134 137 138 140 145 146 148 152 161 162 164 168 176 193 194 196 200 208 224 259 261 262 265 266 268 273 274 276 280 289 290 292 296 304 321 322 324 328 336 352 385 386 388 392 400 416 448
326:7 9 14 17 22 26 28 35 37 38 40 48 67 69 70 72 82 84 97 98 100 129 130 136 148 164 192 259 261 262 264 274 276 289 290 292 320 384
428:7 11 13 14 19 21 22 25 26 28 35 37 38 41 42 44 49 50 52 56 67 69 70 73 74 76 81 82 84 88 97 98 100 104 112 131 134 137 138 140 145 146 148 152 161 162 164 176 193 196 200 208 224 259 261 262 265 266 268 273 274 276 280 289 290 292 296 304 321 322 324 328 336 352 385 386 388 400 416 448
103:7 11 13 14 19 21 22 25 26 28 35 37 38 41 42 44 49 50 52 56 67 69 70 73 74 76 81 82 84 88 97 98 100 112 131 133 134 137 138 140 145 146 148 152 161 162 164 168 176 193 194 196 200 224 259 261 262 265 266 268 273 274 276 280 289 290 292 296 304 321 322 324 328 336 352 385 386 388 392 400 416 448
205:7 11 13 14 19 21 22 25 26 35 37 38 41 44 49 50 52 56 67 69 70 74 76 81 82 84 88 97 98 100 104 112 131 133 134 137 138 140 145 146 148 152 161 162 164 168 176 193 194 196 200 208 224 259 261 262 265 266 273 274 276 280 289 290 292 296 304 321 322 324 328 352 385 386 388 392 400 416 448
347:15 21 25 30 38 41 49 50 52 56 67 69 70 84 90 97 98 100 135 139 140 146 152 161 168 193 200 208 224 263 267 268 273 278 282 289 290 304 321 328 338 385 386 388 400 416 448
417:7 11 13 14 17 22 26 28 33 34 44 48 65 66 76 80 100 104 130 133 137 140 148 152 164 168 196 200 224 258 261 265 268 272 292 296 324 328 352 385 388 392 416 448
116:3 5 6 9 10 18 28 44 49 52 56 65 66 76 84 88 96 140 145 148 152 161 162 164 168 176 196 200 208 260 264 272 288 385 386 448
194:3 5 6 9 10 12 17 18 20 24 33 34 36 40 48 65 68 72 80 96 129 130 132 136 144 160 192 257 260 264 272 288 322 384
296:3 5 6 9 10 12 17 18 20 24 33 34 40 48 65 66 72 80 100 129 130 136 144 164 196 224 257 258 260 264 272 288 320 384
438:14 21 22 25 35 37 42 60 67 74 77 84 98 105 108 112 131 133 138 145 146 148 161 162 168 196 201 208 261 265 268 274 276 280 289 290 292 304 321 322 328 386 480
73:3 5 6 10 12 17 18 20 24 33 34 36 40 48 66 68 73 80 96 129 130 132 136 144 160 192 257 258 260 264 272 288 320 384
215:7 11 13 14 22 26 28 35 37 38 41 50 67 74 76 81 82 88 104 116 131 140 149 153 162 164 176 194 197 200 208 225 261 275 281 289 290 292 296 304 321 322 340 352 390 392 401 402 404 416 452
317:11 13 14 22 39 41 42 49 52 67 69 70 76 89 90 97 98 100 120 131 137 138 145 146 152 162 164 168 194 196 200 208 224 261 262 266 275 280 289 292 304 321 322 324 336 352 388 448
395:7 11 13 14 19 21 22 25 26 28 35 37 38 41 42 44 49 50 52 56 69 70 73 74 76 81 82 84 88 97 98 100 104 112 131 133 134 137 138 140 145 146 148 152 161 162 164 168 176 193 194 196 200 224 259 261 262 265 266 268 273 274 276 280 289 290 292 304 321 322 324 328 336 352 385 386 388 392 400 448
94:7 11 13 14 19 21 22 25 26 28 35 37 38 41 42 44 49 50 52 56 67 69 70 73 74 81 82 84 88 97 98 100 104 112 131 133 137 138 140 145 146 148 152 161 162 164 168 176 193 196 200 208 224 259 261 262 265 266 268 273 274 276 280 289 290 292 296 304 321 322 324 328 336 352 385 386 388 392 400 416 448
164:3 5 9 14 17 22 26 28 33 34 36 40 48 65 66 68 72 80 96 129 134 138 140 146 148 152 160 192 257 258 260 264 272 288 320 384
306:7 11 13 14 19 21 22 25 26 28 34 37 41 44 49 52 56 65 66 72 84 100 112 130 132 136 145 161 176 192 259 261 262 265 266 268 273 274 276 280 289 292 296 304 324 336 352 385 400 416
408:5 9 12 18 20 33 34 36 40 48 65 66 88 129 130 152 196 200 208 224 259 262 266 273 280 324 328 336 352 384
83:5 11 14 19 20 25 26 33 34 36 56 66 68 73 80 96 131 132 137 138 144 168 193 200 259 262 265 266 268 272 288 321 328 385 386 392 448
185:7 11 13 14 19 21 25 26 28 35 37 38 41 42 49 50 52 56 67 69 70 73 74 76 81 84 88 97 98 100 104 112 131 133 134 137 140 145 146 148 152 161 162 164 168 176 193 194 196 200 208 224 259 261 262 265 266 268 273 274 276 280 289 290 292 296 304 321 322 324 328 336 352 385 386 388 392 400 416 448
263:7 10 12 19 20 25 35 37 38 40 49 50 67 69 70 73 80 97 98 100 131 133 134 136 144 160 192 258 261 265 272 288 320 384
32:1 2 4 8 16 32 64 128 256
142:3 5 6 9 10 12 20 24 40 49 50 66 68 81 97 112 129 136 146 160 208 257 260 274 288 328 336 386 400 448
276:3 5 6 9 10 12 17 18 20 24 33 36 40 48 65 66 68 72 80 96 129 132 136 144 162 192 257 260 264 272 290 320 386 416
53:5 6 9 10 19 20 24 35 44 49 50 65 66 68 104 112 131 140 145 146 161 162 164 168 176 192 257 264 274 290 292 304 336 352 384
131:5 6 9 10 12 19 20 24 35 36 40 49 50 65 66 68 72 80 96 129 130 132 136 144 160 192 257 258 260 264 272 288 320 384
489:14 22 25 26 28 38 41 51 53 67 69 70 73 74 82 88 97 104 112 131 133 134 137 145 161 168 178 180 193 194 204 208 228 259 261 268 280 289 292 298 306 321 324 328 354 385 388 392 400 418 480
10:2 4 9 17 24 33 40 48 65 72 80 96 129 136 144 160 192 257 264 272 288 320 384
144:3 5 6 9 10 12 17 18 20 24 33 34 36 40 48 65 66 68 72 80 96 128 257 258 260 264 272 288 320
510:27 29 39 43 45 46 54 57 60 71 75 77 83 90 92 106 139 142 147 153 166 170 177 178 180 197 201 204 210 216 225 228 232 240 269 279 281 284 291 294 297 298 306 308 323 326 330 338 341 354 368 387 389 390 393 396 408 418 432 450 452 456 465 480
31:7 11 13 14 19 21 22 25 26 28 35 37 38 41 42 44 49 50 52 56 67 69 70 73 74 76 81 82 84 88 98 100 104 112 131 133 134 137 138 140 145 146 148 152 161 162 164 168 176 193 194 196 200 208 224 259 261 262 265 266 268 273 274 276 280 289 290 292 296 304 321 322 324 328 336 352 385 386 388 392 400 416 448
357:7 11 13 14 19 21 22 25 26 28 35 37 38 41 42 44 49 50 52 56 69 70 73 74 76 81 82 84 88 97 98 100 112 131 134 137 138 140 145 146 148 152 161 162 164 168 176 193 194 196 200 208 224 259 261 262 265 266 268 273 274 276 280 289 290 292 296 321 322 324 328 336 352 385 386 388 392 400 416
499:15 23 27 29 30 39 43 45 46 51 54 57 58 60 71 75 77 78 85 86 90 92 99 101 102 105 108 113 116 135 139 141 142 147 149 150 153 154 156 163 165 169 172 177 178 180 195 197 198 201 202 204 209 210 212 225 226 228 232 240 267 269 275 277 278 281 282 291 294 297 298 300 305 308 312 323 325 326 329 330 332 337 338 344 353 354 356 360 368 387 389 390 394 402 404 408 418 420 424 432 449 450 456 464 480
236:7 11 13 14 19 21 22 25 26 28 35 37 38 41 42 44 49 50 52 56 67 69 70 73 74 76 81 82 84 88 97 98 100 104 112 131 133 134 137 138 140 145 146 148 152 161 162 164 176 193 194 196 200 208 224 259 261 262 265 266 268 273 274 276 280 289 290 292 296 304 321 322 324 328 336 352 385 386 388 392 400 416 448
378:7 13 14 21 22 27 28 35 42 50 56 75 76 83 84 89 90 98 101 104 113 131 133 134 140 145 146 148 164 169 201 202 208 225 259 261 265 266 268 273 280 289 290 296 308 321 324 328 338 352 386 388 416
448:7 9 10 12 17 18 20 24 33 34 36 40 48 65 66 68 72 80 96 129 130 132 136 144 160 192 257 258 260 264 272 288 320 384
225:7 9 14 17 22 24 33 34 36 48 66 68 104 129 132 136 146 208 224 259 260 266 274 288 321 328 336 386 400 448
335:7 11 13 14 19 21 25 35 37 38 41 52 56 69 70 88 98 104 112 131 133 138 140 150 152 162 176 193 196 210 261 262 280 298 300 304 321 322 332 336 352 392 401 402 404 417 420
469:13 14 19 21 22 26 28 35 37 38 41 42 44 49 52 56 67 74 76 82 88 97 98 100 104 112 131 134 145 146 164 168 194 197 201 208 259 261 265 266 268 276 280 289 292 304 322 328 337 352 400 418 448
104:5 6 9 10 12 17 18 20 24 35 36 40 48 67 68 72 80 97 98 129 130 132 136 144 160 192 257 258 260 264 272 288 320 384
246:7 11 13 21 22 35 41 42 49 56 67 70 74 88 98 101 108 116 137 138 145 146 148 152 162 165 172 176 194 197 204 225 228 232 266 268 274 281 289 290 296 308 321 336 356 385 386 392 400 420 452 480
348:7 11 13 14 19 21 25 26 28 35 37 38 41 42 44 49 50 52 56 67 69 70 73 74 76 81 82 84 88 97 98 100 104 112 131 133 134 137 138 140 145 148 152 161 162 164 168 176 193 194 196 200 224 259 261 262 265 266 268 273 274 276 280 289 290 292 296 304 321 322 324 328 336 352 385 386 388 392 400 416 448
426:7 11 13 14 19 21 22 25 26 28 35 37 38 41 42 44 49 50 52 56 67 69 70 73 74 76 81 82 84 88 97 98 100 104 112 131 133 134 137 138 140 145 148 152 162 164 168 176 193 194 196 200 208 224 259 261 262 265 266 273 274 276 280 289 290 292 296 304 321 322 324 328 336 352 385 388 392 400 416 448
125:13 14 21 25 35 37 41 42 49 50 60 70 75 81 84 90 97 100 112 135 137 145 148 152 161 166 172 176 193 202 204 210 226 232 263 265 266 273 278 284 289 294 296 308 321 322 324 344 386 388 392 416 448
203:7 11 13 14 19 21 22 25 26 28 35 37 38 41 42 44 49 50 52 56 67 69 70 73 74 76 81 82 84 88 97 98 100 104 112 131 133 134 137 138 140 145 146 148 152 161 162 164 168 176 193 194 196 200 208 259 262 265 266 268 273 274 276 280 289 290 292 296 304 321 322 324 328 352 385 388 392 400 416 448
337:3 5 10 12 18 25 34 41 48 65 66 80 96 134 137 145 148 152 161 164 168 192 257 260 272 288 328 384
447:30 39 45 46 54 59 60 75 77 83 89 92 99 105 106 113 116 150 155 166 169 172 177 184 195 201 202 204 226 228 232 240 267 277 278 281 282 284 291 294 298 305 308 312 323 325 326 330 337 340 344 353 368 389 390 393 403 404 408 420 432 450 456 464 480
114:3 5 9 14 17 22 24 33 34 40 48 65 68 72 80 96 130 132 136 192 262 266 268 274 276 288 320 385 400
216:7 10 12 17 18 33 34 40 52 67 69 70 73 84 88 100 112 130 132 137 152 160 193 200 208 259 261 262 265 276 280 292 304 321 322 324 328 336 352 384
294:7 9 10 17 22 24 35 37 38 44 50 52 67 69 70 76 82 84 97 98 100 104 112 130 133 140 148 161 164 168 176 192 258 261 268 276 289 292 296 304 321 324 328 336 352 384
396:3 9 12 17 18 20 34 37 40 65 70 74 80 100 133 134 138 144 160 192 257 262 266 280 292 304 320 386 388 392
71:3 5 6 10 12 20 25 34 41 49 56 65 66 80 100 104 129 130 132 144 168 200 224 257 260 272 296 328 352 392 416 448
