3:1 4 8 18 32 64
96:1 2 8 16 32 64
47:5 6 11 19 25 26 28 33 40 52 65 66 68 80 96
65:1 2 4 8 32 64
12:2 4 9 16 32 64
109:11 12 20 24 34 40 48 65 66 68 72 96
56:3 4 9 10 17 18 24 33 34 40 48 65 66 72 80 96
82:2 5 9 12 17 20 24 33 36 40 48 65 68 72 80 96
25:1 6 10 12 18 20 24 34 36 40 48 66 68 72 80 96
126:45 55 58 78 93 102 107 116
95:31 45 46 51 58 71 78 102 105 117 124
42:3 5 6 9 10 12 17 18 20 24 33 34 36 40 48 64
11:3 5 6 9 10 12 17 18 20 24 33 34 36 40 48 65 66 68 72 80 96
104:1 6 10 12 18 20 24 34 36 40 48 66 68 72 80 96
55:6 12 18 20 25 33 34 36 40 48 66 68 73 81
73:3 4 9 10 17 18 24 33 34 40 48 64
20:2 4 8 17 32 64
117:3 6 12 17 18 24 33 34 52 65 66 80 96
90:3 5 6 10 12 17 18 20 24 33 34 36 40 48 65 68 72 80 96
33:1 2 4 16 32 64
6:3 4 8 16 32 64
103:6 9 10 17 18 24 33 34 40 65 66 68 72 96
50:3 5 6 8 17 18 20 33 34 36 48 65 66 68 80 96
68:1 2 4 8 32 64
19:3 4 9 10 17 18 24 33 34 40 48 65 66 72 80 96
112:3 5 6 9 10 12 16 33 34 36 40 65 66 68 72 96
63:29 53 59 75 94 99 108 113 118 120
81:3 5 6 8 17 18 20 33 34 36 48 65 66 68 80 96
28:3 5 6 9 10 12 17 18 20 24 33 34 36 40 48 64
125:53 62 86 91 99 109 120
98:3 5 6 9 10 12 16 33 34 36 40 65 66 68 72 96
41:3 5 6 9 10 12 16 33 34 36 40 65 66 68 72 96
67:1 6 10 12 18 20 24 34 36 40 48 66 68 72 80 96
14:3 5 6 9 10 12 17 18 20 24 32 65 66 68 72 80
111:29 30 43 53 54 75 87 89 99 109 110 114 120
58:3 5 6 9 10 18 20 24 33 34 36 40 48 65 66 72 80
76:2 5 9 12 17 20 24 33 36 40 48 65 68 72 80 96
27:3 5 6 9 10 12 17 18 20 24 33 34 36 40 48 65 66 68 72 80 96
120:3 5 6 9 10 12 17 18 33 34 36 40 48 65 66 72 80 96
89:3 5 6 9 10 12 18 20 24 33 34 36 40 48 65 66 72 80 96
36:1 2 12 16 32 64
5:1 2 4 8 32 80
106:3 5 6 9 10 12 17 18 20 33 34 36 40 48 65 66 68 72 80 96
49:3 4 9 10 17 18 24 33 34 40 48 65 66 72 80 96
75:3 5 6 9 10 12 17 18 20 24 33 34 36 40 48 65 66 68 72 80 96
22:3 5 6 9 10 12 17 18 20 24 33 34 36 40 48 65 66 68 72 80 96
119:27 39 45 58 60 71 78 85 92 102 107 116 121
84:3 4 9 10 17 18 24 33 34 40 48 65 66 72 80 96
35:3 5 6 9 10 12 17 18 20 24 32 65 66 68 72 80
0:0
97:1 2 12 20 24 36 40 48 68 72 80 96
44:3 5 6 9 10 12 17 18 20 24 33 34 36 40 48 65 66 68 72 80 96
70:3 5 6 9 10 12 17 18 20 24 33 34 36 40 48 64
13:3 4 9 10 17 18 24 33 34 40 48 65 66 72 80 96
114:3 5 6 9 10 12 17 18 20 24 33 34 36 40 48 65 66 68 80 96
57:3 5 6 9 10 12 17 18 20 24 33 34 36 40 48 65 66 68 72 80
83:3 5 6 9 10 12 17 18 20 24 33 34 36 40 48 65 66 68 80 96
30:3 5 6 9 10 12 17 18 20 24 33 34 36 40 48 65 68 72 80 96
127:127
92:3 5 6 9 10 12 17 18 20 24 34 36 65 66 68 72 80 96
43:3 5 6 9 10 12 17 18 24 33 34 40 48 65 66 68 72 80 96
8:1 2 4 8 16 32 64
105:3 5 6 9 10 12 17 20 24 34 36 40 48 65 66 68 72 80 96
52:2 5 9 12 17 20 24 33 36 40 48 65 68 72 80 96
78:3 5 6 10 12 17 18 20 24 33 34 36 40 48 65 66 68 72 96
21:3 5 6 9 10 12 17 18 20 24 32 65 66 68 72 80
122:3 5 6 10 18 33 34 52 56 73 76 80 100 104
91:5 12 18 20 34 36 41 48 65 80 96
38:3 5 6 9 10 12 16 33 34 36 40 65 66 68 72 96
7:3 5 6 8 17 18 20 32 65 66 68 80
100:3 5 6 9 10 12 17 18 20 24 32 64
51:3 5 6 9 10 12 17 18 20 24 33 34 36 40 48 65 66 68 72 80 96
69:3 5 6 9 10 12 17 18 20 24 33 34 36 40 48 65 66 68 72 80 96
16:1 2 4 8 16 32 64
113:3 5 6 9 10 12 17 18 24 33 34 36 40 48 65 66 68 72 80 96
60:3 6 9 10 12 17 18 20 24 33 34 36 40 48 65 66 72 80 96
86:3 5 6 9 10 12 17 20 24 33 34 36 40 48 65 66 68 72 80 96
29:3 5 9 10 12 17 18 20 24 33 34 36 48 66 68 72 80 96
2:1 2 4 8 16 32 64
99:3 5 6 9 10 12 17 18 24 33 34 36 40 48 65 66 68 72 80 96
46:3 5 6 17 18 20 24 33 34 36 40 48 65 66 68 72 80 96
64:1 2 4 8 16 32 64
15:3 5 6 9 10 12 17 18 20 24 33 34 36 40 48 65 66 68 72 80 96
108:3 5 9 10 12 17 18 20 24 33 34 36 40 48 65 66 68 72 80 96
59:3 5 9 14 22 24 33 34 40 48 65 66 72
77:3 5 6 9 10 12 17 18 20 24 33 34 36 40 48 65 66 68 72 80 96
24:1 2 4 16 40 64
121:3 5 6 12 26 36 40 48 65 72 80 98
94:5 6 11 12 17 20 24 35 41 42 50 67 68 72 96
37:1 6 10 12 18 20 24 34 36 40 48 66 68 72 80 96
10:1 6 8 16 32 64
107:3 5 6 9 10 12 17 34 48 65 66 68 72 80
54:3 5 6 9 10 12 17 18 20 24 33 34 36 40 48 65 66 68 72 96
72:1 2 4 8 48 64
23:5 6 9 10 12 18 20 24 33 34 36 40 48 66 68 72 80 96
116:3 5 6 9 12 17 18 24 33 34 36 40 65 66 68 72 80 96
85:3 5 6 9 10 12 17 18 20 24 33 34 36 40 48 65 66 80 96
32:1 2 4 8 16 32 64
1:1 2 4 8 16 32 64
102:3 5 6 9 10 12 17 18 20 24 33 34 36 40 48 65 66 68 72 80 96
45:5 6 9 10 12 17 18 20 24 33 34 36 40 48 65 66 68 72 80 96
71:3 5 6 9 10 12 17 18 20 24 33 34 36 40 48 65 66 68 72 80 96
18:2 4 8 16 32 65
115:3 5 9 10 12 17 18 24 33 34 36 48 66 68 80 96
62:3 13 20 24 33 34 36 40 65 70 74
80:2 4 8 16 33 64
31:5 9 10 18 24 33 48 67 68 72 96
124:9 12 18 21 34 37 56 65 66 72 80 96
93:3 5 9 10 12 18 24 36 49 66 81 84 97 112
40:1 4 10 16 32 64
66:1 2 4 8 16 64
9:1 4 8 16 32 64
110:3 5 14 17 18 20 42 44 48 65 66 72 96
53:3 6 9 10 12 17 18 20 24 33 34 36 40 48 65 66 68 72 80 96
79:3 5 10 12 17 20 33 34 36 40 66 96
26:3 5 6 9 10 12 16 33 34 36 40 65 66 68 72 96
123:23 47 77 90 102 115 124
88:3 5 6 9 10 12 17 18 20 24 33 34 36 40 48 65 66 68 72 80 96
39:5 6 9 10 12 17 18 20 24 33 34 36 40 48 65 66 68 72 80 96
4:1 2 4 8 16 32 64
101:3 5 6 9 10 12 17 18 20 24 33 34 36 40 48 65 66 68 72 80 96
48:1 2 4 8 16 96
74:3 5 6 8 17 18 20 33 34 36 48 65 66 68 80 96
17:1 2 4 8 16 32
118:5 9 12 19 24 34 36 40 49 65 68 96
61:10 13 17 18 20 24 34 36 41 48 66 76 80 97 104
87:7 9 10 19 21 22 33 36 40 48 66 69 76 80 96
34:1 2 8 16 32 64
